177755456
177755456
18645618
18645618
418427416
418427424
418427432
115232192
115232200
459552456
459552456
274178216
274178216
361147136
361147144
361147152
361147160
361147168
361147176
361147184
361147192
361147200
497761120
497761128
497761136
497761144
497761152
497761160
497761168
497761176
331573176
331573184
331573192
253140528
253140536
253140544
253140552
253140560
404222008
404222016
404222024
404222032
404222040
404222048
404222056
409825544
409825552
409825560
409825568
409825576
409825584
443528448
443528456
443528464
443528472
443528480
443528488
443528496
443528504
344631664
344631672
344631680
344631688
373910688
373910696
373910704
120163936
120163936
448132488
448132496
448132504
448132512
448132520
485489152
485489160
485489168
485489176
485489184
64112572
64112580
64112588
64112596
64112604
64112612
64112620
107121864
107121872
257400528
257400528
478476600
478476600
217815600
217815600
167580760
167580760
397193088
397193096
397193104
397193112
397193120
397193128
397193136
392982240
392982248
20529850
255417968
255417976
255417984
255417992
342599936
342599944
342599952
342599960
342599968
17203798
17203806
17203814
499202944
499202952
499202960
499202968
499202976
2850959
2850967
2850975
2850983
2850991
2850999
77498688
77498696
77498704
129191816
129191824
129191832
129191840
129191848
146362792
146362800
146362808
170546256
170546264
170546272
170546280
170546288
170546296
152162872
152162880
152162888
152162896
152162904
152162912
152162920
152162928
532266952
532266952
203774072
203774080
203774088
203774096
203774104
228973392
228973400
228973408
512245120
512245120
509869312
509869320
509869328
509869336
509869344
509869352
391851712
97962928
97962928
331179976
331179984
331179992
322102880
322102888
322102896
322102904
323479200
323479200
165417928
165417936
165417944
165417952
165417960
165417968
165417976
165417984
342714656
342714656
337586336
337586344
187389520
187389528
187389536
244424048
244424056
244424064
244424072
152588848
152588856
353249864
353249864
127717184
127717184
296805264
296805272
296805280
296805288
296805296
296805304
296805312
296805320
189175488
189175496
189175504
189175512
189175520
118820464
118820464
440054912
440054920
440054928
440054936
440054944
440054952
440054960
397193104
397193104
288301720
288301728
288301736
288301744
288301752
288301760
65456076
65456076
259907416
447444320
447444328
447444336
447444344
345598280
345598288
345598296
345598304
345598312
345598320
277340424
277340432
277340440
277340448
277340456
277340464
277340472
277340480
277340488
164025240
164025240
329459544
329459552
329459560
329459568
329459576
329459584
329459592
32392156
32392164
315860448
315860448
330409888
330409896
509279424
509279432
509279440
76499336
76499336
363424688
363424688
134680656
134680664
134680672
134680680
525516448
525516456
525516464
525516472
529186664
529186664
291840712
291840720
291840728
291840736
291840744
291840752
27394956
27394956
12845536
12845544
304882784
304882792
304882800
304882808
304882816
304882824
204871816
204871816
493566784
414396768
414396776
414396784
414396792
414396800
414396808
4309187
4309195
4309203
4309211
4309219
100338680
100338688
100338696
100338704
360852280
360852280
444921104
444921112
444921120
444921128
444921136
444921144
444921152
444921160
444921168
456423088
43369772
43369780
43369788
43369796
43369804
43369812
43369820
43369828
372517984
372517992
372518000
372518008
372518016
372518024
372518032
372518040
372518048
64653236
64653244
64653252
64653260
64653268
64653276
64653284
64653292
169366600
169366600
438465664
438465672
438465680
438465688
338176096
379039064
379039072
379039080
379039088
379039096
379039104
149852640
149852648
406040760
406040760
169464912
169464912
400257032
526515904
526515912
526515920
526515928
526515936
18350712
18350720
190895808
190895816
190895824
304063624
304063624
206477504
206477504
379137368
379137376
379137384
379137392
379137400
91687728
91687736
91687744
91687752
91687760
91687768
482785664
453047896
270934080
270934088
270934096
270934104
270934112
270934120
270934128
435254296
435254304
435254312
435254320
435254328
274981056
274981064
274981072
274981080
145035648
145035648
517684728
517684736
517684744
517684752
517684760
517275064
517275072
517275080
517275088
517275096
517275104
517275112
399110120
399110128
399110136
399110144
184243696
184243704
184243712
184243720
184243728
200120296
200120304
200120312
200120320
200120328
458651320
458651328
458651336
458651344
458651352
42173784
367635424
367635432
367635440
367635448
367635456
367635464
367635472
367635480
113593800
113593808
74434784
74434792
74434800
74434808
74434816
453654088
453654096
453654104
453654112
453654120
453654128
453654136
453654144
368143416
368143424
368143432
7192795
7192803
7192811
7192819
7192827
7192835
515571120
515571120
221731464
221731464
310306088
310306088
509263064
509263064
128880488
128880488
140136640
140136648
140136656
140136664
140136672
140136680
140136688
493550336
493550344
493550352
493550360
493550368
494942984
494942992
494943000
494943008
494943016
494943024
327804704
327804712
327804720
327804728
327804736
327804744
327804752
327804760
327804768
47973832
47973840
47973848
47973856
47973864
47973872
47973880
190895912
400240576
400240584
400240592
400240600
400240608
400240616
400240624
331179976
331179976
444593416
444593424
444593432
444593440
444593448
444593456
203544736
203544744
463566656
463566664
463566672
463566680
463566688
463566696
463566704
161174392
161174392
20857476
20857476
65325088
65325096
331179904
331179912
331179920
331179928
153850464
153850464
66258960
66258960
47826444
47826444
338929768
338929776
338929784
338929792
338929800
338929808
338929816
338929824
338929832
14615030
14615038
14615046
14615054
14615062
495876936
495876944
495876952
495876960
495876968
495876976
299754456
299754464
299754472
299754480
299754488
299754496
202954808
202954816
202954824
202954832
202954840
202954848
100649992
100650000
100650008
100650016
100650024
100650032
100650040
100650048
100650056
255286952
255286960
255286968
255286976
471791680
471791688
471791696
46220732
46220732
366996472
366996480
366996488
366996496
7078104
7078112
7078120
7078128
148050352
148050352
97717232
97717240
97717248
97717256
66406380
256450256
256450256
241736984
241736992
479361312
479361320
479361328
479361336
372452456
372452456
103599224
103599232
103599240
103599248
103599256
203511888
203511888
154784416
154784424
154784432
154784440
405270592
405270600
405270608
405270616
405270624
108432640
108432640
203479144
203479152
203479160
203479168
203479176
203479184
102665280
102665288
277307664
277307672
277307680
277307688
277307696
277307704
277307712
277307720
463091584
463091592
463091600
463091608
463091616
463091624
382496160
382496168
324331224
324331224
401698824
401698832
401698840
401698848
401698856
401698864
401698872
401698880
401698888
5701814
5701822
5701830
5701838
5701846
5701854
5701862
5701870
22119132
22119132
257744664
257744664
327591768
112577896
112577904
112577912
112577920
112577928
112577936
112577944
70207624
70207624
54380228
54380228
90704632
90704632
261152640
261152648
171021408
171021416
171021424
171021432
171021440
265723832
265723832
427668240
427668240
170546256
170546264
170546272
170546280
170546288
170546296
170546304
161256336
161256344
161256352
47433128
47433136
47433144
465156040
465156040
143298856
143298864
143298872
143298880
143298888
143298896
143298904
143298912
143298920
2539629
2539629
303555696
303555704
303555712
414937472
414937480
414937488
414937496
250650120
250650128
250650136
250650144
250650152
250650160
250650168
250650176
111152528
111152536
72075416
72075424
72075432
72075440
72075448
72075456
219257432
219257440
219257448
219257456
219257464
219257472
383020472
383020480
383020488
383020496
383020504
383020512
383020520
383020528
383020536
292332272
292332272
278487408
278487408
301409312
301409312
203544648
203544656
203544664
203544672
203544680
203544688
203544696
69208176
69208176
281977336
281977336
283173400
392539840
392539848
392539856
392539864
392539872
392539880
392539888
392539896
164566000
164566008
164566016
164566024
243064064
243064072
57886504
57886504
404435056
404435064
404435072
404435080
404435088
404435096
404435104
404435112
427635480
427635488
427635496
427635504
427635512
427635520
427635528
150229488
276078888
276078896
276078904
276078912
276078920
278978880
43566416
43566416
177902912
177902920
177902928
177902936
177902944
177902952
177902960
177902968
177902976
355412608
355412616
355412624
355412632
355412640
355412648
423768720
423768720
267149288
267149296
267149304
267149312
267149320
267149328
267149336
267149344
267149352
375942424
375942432
375942440
375942448
128880480
202152008
202152016
202152024
202152032
202152040
202152048
375188768
375188768
104778952
104778960
104778968
315352480
315352488
3506363
239885472
239885480
239885488
239885496
477968680
477968688
477968696
477968704
477968712
477968720
477968728
477968736
477968744
472184944
472184952
472184960
472184968
472184976
472184984
472184992
264593304
264593312
264593320
264593328
264593336
264593344
264593352
219634240
219634248
219634256
219634264
219634272
30311366
30311366
423260824
423260832
423260840
423260848
423260856
423260864
423260872
393932568
393932576
393932584
393932592
393932600
393932608
393932616
393932624
194713464
194713464
92474144
92474152
92474160
92474168
92474176
92474184
171103416
171103416
348137864
348137872
348137880
348137888
348137896
348137904
348137912
348137920
348137928
347761080
347761088
347761096
347761104
347761112
467089312
467089320
525565640
525565648
525565656
525565664
525565672
369683488
369683496
110890368
232741824
232741832
232741840
232741848
232741856
232741864
523435696
523435696
6537415
6537415
439841944
439841944
418181624
418181624
444790016
444790024
444790032
444790040
444790048
444790056
444790064
444790072
444790080
68307032
68307032
313910672
313910672
229710728
229710728
136892544
136892552
136892560
136892568
45794676
45794684
45794692
45794700
131731416
131731424
131731432
131731440
131731448
131731456
131731464
131731472
131731480
78285208
78285216
78285224
374140064
374140072
377154848
377154856
377154864
377154872
377154880
377154888
377154896
24183530
24183530
15745521
15745521
107859240
107859240
267591720
267591728
267591736
393178848
393178856
393178864
393178872
393178880
366570488
366570488
513129760
513129760
22119100
22119100
173315344
173315344
411250984
411250992
411251000
411251008
411251016
411251024
283533832
283533832
300950544
300950552
300950560
300950568
300950576
13353368
13353376
13353384
13353392
489290384
489290392
489290400
489290408
489290416
489290424
112741744
112741752
112741760
333129672
333129680
333129688
333129696
333129704
333129712
101370976
101370984
101370992
101371000
101371008
106876096
106876104
106876112
230792120
230792128
230792136
186848832
186848840
186848848
186848856
216865256
216865264
216865272
216865280
216865288
216865296
216865304
216865312
216865320
217618976
217618984
217618992
217619000
406827136
523615840
523615840
461141776
461141776
323643040
323643048
323643056
323643064
323643072
323643080
259727176
259727176
519175680
519175688
519175696
519175704
519175712
519175720
519175728
174789896
174789904
174789912
174789920
174789928
314254744
314254752
314254760
314254768
314254776
65587184
65587184
109432088
109432088
32343052
32343060
32343068
32343076
393342688
146723280
146723288
136171584
136171592
136171600
136171608
344713504
344713504
312059232
312059232
226286344
226286344
309503288
309503288
44385660
44385668
44385676
44385684
44385692
44385700
44385708
44385716
354724464
354724464
489831032
489831032
399110048
399110048
295674720
295674720
165909544
165909544
312943968
312943976
312943984
312943992
312944000
295035696
295035696
168596520
168596528
168596536
168596544
168596552
168596560
168596568
108088632
108088640
459552448
459552456
459552464
459552472
459552480
459552488
459552496
2539597
2539605
2539613
2539621
2539629
2539637
2539645
138547408
138547416
138547424
285106688
285106696
285106704
58459968
58459976
58459984
58459992
58460000
345844104
345844104
409153800
409153808
409153816
294806304
294806312
135335992
135336000
135336008
135336016
135336024
176002384
176002392
163009392
163009400
163009408
163009416
114429376
114429376
498990032
498990032
416264656
416264656
232872952
232872952
402911288
402911296
402911304
402911312
402911320
402911328
20611702
262709104
262709104
350972488
521010720
521010728
521010736
521010744
521010752
521010760
521010768
296264560
296264568
296264576
296264584
296264592
296264600
370076720
370076720
256745216
256745216
487815752
487815760
487815768
487815776
487815784
487815792
487815800
297460608
297460616
265887704
265887704
153064056
153064056
96013176
96013176
191682344
191682352
191682360
191682368
191682376
142840064
142840072
142840080
330409824
330409832
330409840
330409848
330409856
330409864
330409872
330409880
330409888
57050844
57050852
57050860
57050868
57050876
406843600
406843600
295854936
295854936
84937304
84937312
84937320
84937328
216865248
216865256
216865264
164566016
164566024
243064064
243064072
243064080
243064088
243064096
243064104
243064112
18399842
18399850
18399858
18399866
18399874
18399882
18399890
34915472
34915472
296264600
296264608
296264616
296264624
169464880
169464888
169464896
169464904
361409320
361409328
361409336
361409344
361409352
361409360
361409368
99912704
99912704
263659416
263659416
64391092
64391100
64391108
64391116
64391124
64391132
445068624
445068624
253468256
253468256
171431088
171431088
521027104
521027104
442643736
442643744
210147600
210147608
210147616
210147624
210147632
210147640
419967520
419967528
419967536
419967544
419967552
138088568
138088576
138088584
138088592
138088600
138088608
138088616
138088624
138088632
156816096
156816096
318580224
318580224
84937296
84937304
84937312
84937320
84937328
216865248
303096872
303096880
303096888
303096896
303096904
164303792
164303792
383741408
383741416
383741424
383741432
383741440
383741448
517930504
517930512
517930520
213014880
213014888
213014896
213014904
213014912
254680744
254680744
240508080
240508080
203626624
203626632
203626640
203626648
143085840
143085848
143085856
143085864
65325032
65325032
68012064
68012072
68012080
68012088
68012096
68012104
68012112
375008448
375008448
128880488
128880488
231414744
231414744
114150808
114150808
406335616
406335624
406335632
406335640
406335648
406335656
406335664
406335672
406335680
479672688
479672696
237575248
237575256
237575264
237575272
237575280
237575288
390409904
390409904
14942712
14942720
14942728
14942736
14942744
32900140
32900140
389672624
389672624
371371120
371371128
371371136
371371144
371371152
371371160
371371168
371371176
296264544
387542640
387542640
153703072
153703072
35472460
35472468
35472476
35472484
35472492
35472500
35472508
35472516
35472524
282206696
282206696
100338760
100338760
490863240
490863248
490863256
490863264
490863272
490863280
41764180
41764180
102124648
102124648
450655752
450655760
268443648
268443656
268443664
268443672
268443680
417919528
417919536
104549496
104549504
104549512
104549520
104549528
104549536
104549544
295674784
295674792
249781696
249781704
249781712
249781720
186324568
186324568
418181696
418181696
295035752
295035760
180770192
180770200
180770208
180770216
180770224
180770232
180770240
325904120
325904128
325904136
325904144
325904152
391474936
391474944
391474952
449492384
449492392
449492400
449492408
449492416
80611744
80611744
113216960
113216968
113216976
113216984
113216992
113217000
208115920
208115928
45794708
45794716
45794724
45794732
45794740
45794748
486701568
486701576
486701584
336914528
336914536
302867488
302867496
302867504
302867512
302867520
302867528
302867536
285106792
285106792
285041232
340076672
340076680
340076688
340076696
340076704
494631728
494631736
494631744
494631752
494631760
494631768
111398256
111398264
111398272
111398280
111398288
111398296
111398304
284680672
494238456
494238456
211245424
211245432
211245440
211245448
211245456
260808568
260808568
428372800
428372808
428372816
428372824
428372832
428372840
428372848
428372856
449033680
449033680
506674296
506674296
229022584
229022592
229022600
229022608
229022616
459585216
459585224
21873340
21873348
21873356
21873364
21873372
366816240
366816248
366816256
366816264
366816272
366816280
366816288
366816296
373206144
409514280
409514280
21693174
21693174
190322384
190322384
420377184
420377184
248569288
248569288
439841888
439841896
439841904
439841912
439841920
439841928
439841936
439841944
276685136
276685144
276685152
325019328
325019336
325019344
325019352
332392432
332392440
332392448
395636512
395636520
395636528
395636536
395636544
472086672
472086672
400093144
400093152
400093160
400093168
400093176
400093184
491764424
491764432
491764440
491764448
491764456
188372640
188372648
188372656
188372664
188372672
188372680
255893120
61523820
61523828
61523836
61523844
61523852
61523860
61523868
61523876
319317552
319317552
249798184
249798184
72075496
72075496
405762184
405762184
199317488
199317488
496532312
496532320
496532328
496532336
496532344
496532352
264937360
264937368
264937376
264937384
264937392
3965049
3965057
3965065
3965073
3965081
503135232
503135240
503135248
503135256
503135264
503135272
202758208
202758208
240508112
240508112
431764440
431764440
436089936
436089936
146133408
146133416
146133424
146133432
146133440
146133448
146133456
148885952
511851840
511851840
380890480
380890480
171529384
171529392
171529400
171529408
171529416
20660942
20660950
20660958
455620192
455620200
455620208
455620216
455620224
266706944
266706952
266706960
266706968
266706976
266706984
164516768
422523496
422523496
303096896
303096896
338176136
338176144
338176152
338176160
338176168
338176176
338176184
247717304
247717304
188749456
188749456
487651936
487651936
425456368
425456376
425456384
425456392
165041072
165041080
165041088
165041096
146297272
146297272
312157560
312157560
502463536
502463536
212818320
212818328
212818336
212818344
212818352
17203726
417477072
417477080
417477088
417477096
417477104
417477112
512818504
512818512
512818520
512818528
512818536
512818544
512818552
207657152
207657160
481802616
481802624
481802632
481802640
481802648
481802656
481802664
481802672
481802680
527728368
527728376
527728384
527728392
527728400
82676192
82676192
182736336
182736336
292578120
385150432
385150440
385150448
385150456
385150464
385150472
385150480
318301696
318301696
519749128
519749136
519749144
519749152
519749160
201594912
201594920
201594928
201594936
201594944
201594952
201594960
239000736
239000736
492419856
492419864
492419872
345221408
345221416
477854000
477854008
477854016
477854024
477854032
477854040
346925408
346925416
290972384
290972384
257744664
257744672
478476544
478476552
478476560
280142200
280142200
435336216
435336216
488864400
488864408
488864416
488864424
98831304
108449008
108449016
108449024
108449032
108449040
108449048
243703080
243703080
321070672
321070680
321070688
321070696
321070704
321070712
321070720
321070728
93817648
93817656
93817664
93817672
93817680
54380164
54380172
54380180
54380188
54380196
54380204
492173984
492173992
492174000
492174008
492174016
492174024
492174032
250306016
250306024
250306032
250306040
250306048
250306056
250306064
250306072
195909472
338487392
338487392
111660376
111660384
111660392
111660400
111660408
111660416
111660424
111660432
111660440
531070856
531070864
531070872
531070880
531070888
243293440
243293448
243293456
243293464
406040752
406040752
528793416
528793416
532561856
532561864
532561872
327231232
327231240
327231248
327231256
188995272
188995280
188995288
348596608
348596616
202152000
202152000
281125320
140202160
140202168
140202176
140202184
511851816
511851824
511851832
511851840
511851848
511851856
414495112
414495120
414495128
414495136
414495144
414495152
414495160
414495168
62195636
62195636
104697008
104697016
104697024
104697032
362392384
505773136
505773144
505773152
505773160
505773168
505773176
505773184
505773192
114429360
114429368
114429376
114429384
114429392
114429400
114429408
114429416
114429424
127536952
127536960
127536968
127536976
127536984
325330672
325330680
325330688
325330696
175559920
175559928
175559936
340109472
340109480
340109488
340109496
340109504
340109512
493566712
493566712
112577912
112577920
112577928
112577936
112577944
112577952
112577960
112577968
112577976
294019888
294019896
294019904
294019912
294019920
486406656
486406664
486406672
236641336
236641336
49169892
49169892
459437808
459437808
374074600
65193924
65193932
65193940
65193948
431764440
431764440
15155679
15155687
15155695
15155703
15155711
15155719
15155727
15155735
15155743
445150536
445150544
445150552
445150560
445150568
445150576
445150584
403025920
241360096
241360096
149852712
149852720
149852728
149852736
33129460
33129468
33129476
33129484
506838136
506838144
506838152
506838160
506838168
506838176
44729692
44729700
44729708
44729716
44729724
44729732
87214712
87214720
87214728
87214736
87214744
87214752
87214760
87214768
87214776
346335592
346335600
346335608
346335616
346335624
313845088
313845096
313845104
260349768
260349776
260349784
260349792
260349800
409825512
409825520
409825528
409825536
409825544
409825552
409825560
318580280
318580280
392539880
392539880
369650784
369650792
369650800
369650808
215341488
215341496
215341504
215341512
256450192
256450192
219372096
219372104
219372112
219372120
219372128
225139440
225139448
225139456
225139464
225139472
225139480
225139488
354724472
354724472
459470616
459470616
160338800
160338800
43648396
43648396
327591696
327591696
166597608
166597608
127389560
127389568
127389576
507919
507927
37127364
473741440
473741448
473741456
473741464
473741472
473741480
473741488
172479688
172479696
172479704
396783424
396783432
396783440
396783448
396783456
396783464
85527152
85527160
85527168
85527176
85527184
85527192
190453424
392589040
392589040
364850088
364850096
364850104
364850112
364850120
364850128
230906776
230906784
230906792
230906800
230906808
230906816
230906824
230906832
48612876
48612884
48612892
66815992
66816000
66816008
96865224
96865224
379940224
379940232
379940240
379940248
10551618
94784384
94784392
94784400
94784408
94784416
94784424
171103328
171103336
171103344
189535904
189535912
189535920
189535928
189535936
189535944
189535952
189535960
189535968
485341736
485341744
26854196
26854204
26854212
482605488
482605488
32211976
32211976
355756656
355756656
349301176
349301176
92752744
92752752
467204032
467204040
467204048
467204056
276685128
276685128
481229160
481229160
2539605
2539605
296543136
296543144
84806176
84806184
84806192
84806200
84806208
84806216
84806224
217815552
217815552
503856168
503856176
503856184
503856192
503856200
503856208
503856216
503856224
503856232
506657960
506657960
55281368
55281376
55281384
55281392
55281400
314238336
314238344
314238352
314238360
503020568
503020576
503020584
503020592
503020600
420377200
257433264
257433272
257433280
257433288
112643472
112643480
112643488
112643496
112643504
112643512
39453972
39453972
270803080
315631008
315631016
315631024
315631032
315631040
315631048
464058240
464058240
84806200
84806200
195647336
195647344
195647352
195647360
195647368
195647376
271753376
271753376
166597680
166597680
510999872
329967456
329967464
329967472
329967480
329967488
329967496
276357472
501447616
501447624
501447632
501447640
117132792
117132792
107121880
107121880
447329688
447329696
447329704
447329712
256695968
213014880
213014880
279290208
279290208
476756192
476756192
436483072
436483072
470595656
470595664
470595672
470595680
470595688
470595696
470595704
470595712
125570808
10944910
10944910
8339758
8339766
8339774
8339782
8339790
8339798
271982768
465876864
465876872
465876880
465876888
465876896
465876904
465876912
465876920
127717208
127717216
127717224
127717232
127717240
127717248
127717256
171431064
171431072
171431080
171431088
171431096
171431104
523697760
523697768
523697776
315631032
315631040
315631048
315631056
315631064
315631072
321283704
321283712
321283720
321283728
236346416
236346424
236346432
236346440
518798864
518798872
518798880
518798888
518798896
534986688
526515920
526515928
526515936
526515944
526515952
526515960
526515968
526515976
275161344
275161344
364309360
364309360
365259672
365259680
365259688
365259696
365259704
59590484
59590492
59590500
59590508
59590516
59590524
44074304
44074312
529071936
529071944
529071952
529071960
529071968
24543982
24543990
24543998
24544006
24544014
459224832
459224840
459224848
459224856
253369904
253369912
253369920
253369928
253369936
278487416
278487416
41239836
41239844
41239852
41239860
41239868
41239876
41239884
346679648
16466463
16466471
16466479
16466487
16466495
474314888
474314888
226286352
226286352
356838096
514014528
514014536
514014544
514014552
514014560
388820608
388820616
388820624
388820632
388820640
388820648
322709136
322709136
177673592
177673592
469514336
273375392
273375400
273375408
273375416
273375424
273375432
273375440
141300008
141300016
141300024
230906752
230906760
230906768
230906776
149197288
149197296
149197304
149197312
149197320
149197328
363277160
363277168
363277176
363277184
363277192
119721544
119721552
119721560
119721568
370863200
370863200
255729336
255729344
255729352
255729360
255729368
465123200
465123208
465123216
465123224
257548016
257548024
257548032
257548040
485587424
485587432
278520192
278520200
278520208
278520216
471676992
471677000
471677008
471677016
471677024
72222888
72222896
72222904
72222912
72222920
72222928
166040528
166040536
166040544
166040552
166040560
166040568
166040576
278094144
278094144
346745256
375778496
375778504
375778512
375778520
375778528
375778536
54412956
54412964
54412972
54412980
54412988
54412996
54413004
54413012
414232984
414232992
414233000
414233008
414233016
230513536
230513544
230513552
230513560
179541360
179541360
134680672
134680672
512179536
512179544
512179552
528793344
528793352
528793360
528793368
371371096
371371104
371371112
371371120
371371128
371371136
24544054
24544062
24544070
24544078
24544086
65701844
65701852
65701860
531939184
531939192
531939200
531939208
531939216
531939224
531939232
343894288
343894288
506674296
506674296
59590500
59590500
231562176
231562176
406335704
406335704
297313216
297313216
289710736
289710736
509181224
509181224
441660592
441660592
197482416
197482416
164860864
164860872
164860880
164860888
164860896
164860904
164860912
43468080
367422456
367422464
367422472
367422480
367422488
367422496
367422504
153686608
153686616
193894176
193894176
301933600
301933608
301933616
301933624
301933632
301933640
301933648
301933656
127717192
127717192
99535840
99535848
99535856
99535864
99535872
99535880
99535888
99535896
99535904
250814016
250814016
494730048
494730056
494730064
451638752
451638760
451638768
436450368
436450376
30589862
30589870
30589878
30589886
184243744
184243744
339568848
339568848
478673248
478673248
59524896
59524904
59524912
59524920
59524928
59524936
59524944
122801904
122801912
122801920
122801928
319317536
319317544
297378736
297378744
297378752
297378760
297378768
297378776
297378784
265723824
369388624
369388624
17203806
17203814
499202944
499202952
499202960
296362904
296362912
296362920
296362928
296362936
412004640
412004648
412004656
412004664
10551658
10551658
10977639
10977647
10977655
10977663
10977671
338487432
338487432
354724480
354724480
531742584
531742592
531742600
531742608
531742616
531742624
531742632
531742640
173298920
173298920
395636528
395636536
395636544
395636552
395636560
395636568
395636576
395636584
395636592
108449048
108449056
108449064
108449072
108449080
108449088
108449096
108449104
497433424
497433432
497433440
497433448
497433456
497433464
516865512
516865520
516865528
64112548
64112556
64112564
64112572
344451336
344451344
344451352
344451360
344451368
344451376
344451384
344451392
306930936
200267744
200267752
200267760
200267768
200267776
200267784
200267792
200267800
338929784
338929792
338929800
338929808
338929816
338929824
338929832
338929840
345598328
345598328
382578088
382578088
327231240
327231248
327231256
327231264
327231272
327231280
327231288
327231296
327231304
355363520
4128894
4128902
4128910
4128918
4128926
266002424
266002424
502463480
502463480
381480376
381480384
381480392
381480400
381480408
381480416
381480424
346909024
346909032
409514280
409514280
517275056
517275064
517275072
517275080
517275088
517275096
517275104
517275112
535593024
535593024
333604864
333604872
333604880
333604888
333604896
333604904
419639808
419639816
302867560
302867560
62490516
62490516
325052104
325052104
369388568
369388568
293167880
293167888
293167896
293167904
293167912
293167920
302048320
302048320
285106696
285106704
285106712
285106720
285106728
285106736
508591336
508591344
508591352
508591360
304014400
304014408
304014416
304014424
304014432
164270992
164270992
281977336
281977336
515882368
515882376
515882384
515882392
515882400
358443752
358443752
73844992
73845000
73845008
73845016
95292256
140546304
140546304
89869016
89869024
89869032
89869040
89869048
89869056
89869064
89869072
89869080
532266928
532266936
532266944
532266952
506854496
506854504
105729192
105729200
105729208
105729216
105729224
105729232
105729240
161174384
161174392
161174400
10207544
10207552
415691160
415691160
274981128
99601376
99601384
99601392
99601400
99601408
99601416
99601424
99601432
239934632
239934632
166253528
166253536
166253544
166253552
166253560
166253568
166253576
166253584
52954704
52954712
52954720
52954728
52954736
52954744
52954752
486488584
486488592
486488600
486488608
486488616
486488624
353839656
353839664
353839672
353839680
353839688
353839696
353839704
150082072
150082080
150082088
150082096
157045440
157045448
114511320
114511320
523058848
523058848
147476976
147476976
67897384
67897392
67897400
67897408
67897416
67897424
153686672
153686672
269754432
269754440
269754448
269754456
269754464
269754472
269754480
327198512
327198520
327198528
327198536
327198544
516750752
516750760
516750768
330245984
330245992
330246000
330246008
330246016
330246024
330246032
330246040
144724312
144724312
186963568
186963568
520814192
520814200
520814208
520814216
258858720
258858728
322250408
409153728
409153736
409153744
409153752
409153760
409153768
409153776
409153784
493550384
470415392
470415400
470415408
470415416
470415424
470415432
56067760
56067768
56067776
56067784
56067792
56067800
164271048
164271056
164271064
266002352
266002360
266002368
266002376
361949992
361950000
361950008
361950016
361950024
361950032
361950040
361950048
146133456
148885952
148885960
148885968
148885976
148885984
471070760
471070760
385756704
385756712
385756720
385756728
385756736
385756744
397602712
397602712
27247448
27247456
27247464
27247472
27247480
27247488
27247496
101370904
101370912
18301582
323610272
323610280
323610288
323610296
323610304
323610312
355920536
355920544
355920552
355920560
355920568
465155976
465155976
337504352
337504352
335718472
335718472
153850480
153850488
153850496
153850504
153850512
228875184
228875192
532266880
532266888
532266896
532266904
379940248
379940248
261152544
261152552
261152560
261152568
261152576
261152584
261152592
521027112
521027120
521027128
521027136
521027144
228973480
228973488
228973496
115854800
115854808
115854816
83757632
83757640
83757648
248192400
248192408
248192416
248192424
248192432
248192440
524041944
524041952
524041960
385527296
385527304
385527312
322266800
322266808
322266816
297984896
297984904
485734920
485734928
485734936
485734944
485734952
485734960
236346416
137105544
137105544
491764480
491764480
357673648
357673648
201136128
201136136
201136144
201136152
201136160
201136168
201136176
445396352
242883824
242883832
242883840
242883848
242883856
242883864
225549040
225549040
156586712
156586720
156586728
156586736
156586744
156586752
251289072
251289080
251289088
496941896
496941904
496941912
496941920
496941928
496941936
496941944
496941952
409874672
409874680
409874688
409874696
409874704
409874712
368143376
368143384
368143392
368143400
368143408
368143416
368143424
368143432
439071912
439071912
469497928
15155663
15155671
15155679
15155687
15155695
15155703
353823320
353823320
31228882
31228890
31228898
31228906
31228914
195467104
195467112
195467120
195467128
195467136
107121896
107121904
107121912
107121920
107121928
107121936
409694488
409694496
409694504
409694512
409694520
409694528
482605440
482605448
482605456
274964736
274964744
202954800
202954808
202954816
202954824
202954832
111447432
111447432
321037928
321037936
321037944
321037952
321037960
427389768
203774032
203774040
203774048
203774056
287711824
287711832
287711840
287711848
287711856
287711864
287711872
287711880
495188792
495188792
177902960
177902968
177902976
177902984
177902992
148902336
148902344
182064640
182064640
514686376
514686384
309683424
309683432
309683440
233511896
233511896
115920360
115920368
115920376
115920384
115920392
115920400
371911816
371911816
26035026
26035026
235871336
235871336
330147720
330147728
330147736
330147744
330147752
278487424
278487432
278487440
203724880
203724888
203724896
182441488
182441496
182441504
182441512
491207296
491207304
491207312
491207320
203511880
203511888
203511896
203511904
203511912
203511920
203511928
203511936
203511944
229612384
229612392
229612400
229612408
229612416
229612424
229612432
469547008
469547008
90999520
90999528
90999536
90999544
90999552
90999560
90999568
90999576
90999584
446870880
446870880
506838112
506838120
506838128
506838136
506838144
506838152
506838160
506838168
141922632
141922640
353544736
353544744
353544752
219650672
219650672
495926120
495926128
495926136
495926144
212621664
212621672
212621680
212621688
351087120
351087120
151622168
151622176
151622184
151622192
151622200
151622208
519175688
519175688
43648388
43648388
377154840
377154840
492419816
492419816
410579296
410579296
140677328
140677336
140677344
140677352
140677360
484375016
484375016
330246016
330246024
330246032
330246040
330246048
18104872
18104872
31228890
31228898
31228906
31228914
31228922
31228930
31228938
158733048
158733056
158733064
158733072
158733080
158733088
158733096
158733104
158733112
299328456
299328456
43271528
43271536
43271544
43271552
43271560
43271568
157553360
157553368
157553376
119721608
119721608
58427144
58427144
450655728
450655736
450655744
450655752
450655760
268443648
463566712
463566720
463566728
463566736
463566744
463566752
467777520
467777520
90163968
90163976
90163984
90163992
90164000
364358496
364358504
364358512
364358520
71731376
71731384
71731392
71731400
71731408
71731416
71731424
71731432
71731440
282780136
282780136
468760632
468760632
11813225
11813233
11813241
11813249
11813257
11813265
11813273
11813281
11813289
97815480
97815488
97815496
97815504
97815512
97815520
254074464
254074464
318727704
318727704
304751752
304751760
304751768
304751776
304751784
100731904
100731912
100731920
453490248
453490248
20857468
20857468
507395208
507395208
183883344
183883344
121769640
121769648
121769656
121769664
121769672
121769680
121769688
121769696
149033440
149033448
149033456
149033464
149033472
400814096
400814104
400814112
473036896
473036904
473036912
473036920
473036928
473036936
25166648
25166648
467220440
467220448
467220456
467220464
467220472
467220480
467220488
467220496
467220504
436237344
436237352
436237360
436237368
436237376
436237384
436237392
473331808
473331816
425374464
425374464
167826448
167826448
422032024
422032032
422032040
139137168
139137176
139137184
18678370
18678378
18678386
18678394
18678402
133517384
133517384
127356792
127356792
397602704
397602712
397602720
397602728
397602736
162714536
162714536
260349752
260349760
260349768
260349776
260349784
430207896
430207896
128143256
128143264
128143272
485161440
485161448
485161456
485161464
28050312
28050312
447509872
447509872
149869032
149869032
162911168
162911168
64161736
64161744
64161752
64161760
64161768
64161776
64161784
208115976
208115976
333277168
333277168
173561056
173561064
173561072
173561080
173561088
173561096
253107760
253107768
206559456
206559456
391261896
391261904
391261912
391261920
391261928
264265624
264265624
263659448
263659448
444790048
444790048
75762016
75762024
297526144
297526152
297526160
297526168
304063632
304063632
336980072
336980080
336980088
153408080
153408088
153408096
153408104
153408112
161174360
161174368
161174376
161174384
161174392
505887880
505887880
530677648
530677648
437695536
437695536
528809728
528809728
97160184
97160192
272130176
272130184
272130192
272130200
272130208
272130216
272130224
525794992
525795000
525795008
525795016
525795024
525795032
525795040
494943072
494943072
440530056
440530064
440530072
440530080
440530088
440530096
440530104
440530112
472414304
472414304
33473582
33473590
33473598
33473606
33473614
33473622
33473630
50120208
50120216
50120224
50120232
50120240
50120248
50120256
50120264
50120272
60180300
60180300
323479192
323479192
327198488
327198488
98831352
98831352
417526256
417526264
417526272
417526280
417526288
318940672
318940680
294806344
294806352
294806360
294806368
294806376
294806384
294806392
435418080
60770144
60770144
124948288
124948296
425456320
425456328
425456336
425456344
228023120
228023120
184309248
184309256
184309264
184309272
184309280
184309288
184309296
184309304
50726436
50726444
50726452
50726460
50726468
50726476
50726484
95767400
95767408
228744080
228744080
299557824
299557832
299557840
299557848
299557856
299557864
299557872
299557880
349301168
349301168
162911096
162911096
323479192
323479192
322266816
297984896
297984904
297984912
297984920
283255304
283255312
283255320
283255328
283255336
495926048
387657280
387657288
387657296
387657304
387657312
387657320
387657328
393129720
393129720
60983196
60983204
60983212
366160800
366160808
366160816
101207120
101207128
101207136
101207144
101207152
304669792
304669800
347515288
347515288
349301168
349301168
370961512
370961520
370961528
370961536
370961544
42173736
42173744
42173752
42173760
42173768
42173776
42173784
367635424
109628704
109628712
109628720
109628728
109628736
109628744
109628752
109628760
297395112
297395120
297395128
297395136
297395144
199841800
199841808
199841816
199841824
199841832
97127320
97127328
97127336
293053224
521027104
521027112
521027120
521027128
274964736
274964736
336865384
336865392
336865400
336865408
172151936
172151944
172151952
472184944
472184952
472184960
472184968
472184976
472184984
472184992
193894232
193894232
38487256
38487264
271753312
271753320
271753328
271753336
333096936
333096936
325674792
325674792
327591712
327591720
327591728
327591736
327591744
418787832
418787840
418787848
418787856
418787864
418787872
253369904
253369912
253369920
253369928
253369936
253369944
166253616
14942664
14942672
14942680
14942688
14942696
14942704
426423016
426423024
426423032
426423040
426423048
426423056
426423064
426423072
306341056
306341064
306341072
306341080
306341088
9748818
9748826
9748834
9748842
9748850
9748858
332720064
332720072
332720080
332720088
332720096
533479336
533479336
536018936
536018944
536018952
536018960
536018968
536018976
536018984
260611944
309961984
309961992
309962000
309962008
309962016
309962024
309962032
309962040
406335672
406335672
219372128
219372128
497761168
497761176
497761184
497761192
497761200
497761208
145379744
145379744
393129712
393129712
38585592
38585600
12370298
12370306
12370314
12370322
345844040
345844040
122818264
122818272
122818280
122818288
122818296
122818304
419115568
419115568
245030200
245030208
245030216
245030224
245030232
115248616
115248624
115248632
115248640
115248648
347515248
347515248
426767120
426767120
133517296
133517296
455620272
455620272
33932324
33932332
33932340
33932348
33932356
314090920
314090928
314090936
314090944
314090952
314090960
314090968
178410896
178410896
11567481
11567481
286417528
286417536
360934144
360934152
360934160
360934168
360934176
18645586
18645594
18645602
18645610
18645618
18645626
18645634
18645642
18645650
56985308
56985308
366537664
366537672
366537680
366537688
366537696
418607584
418607592
418607600
418607608
418607616
418607624
418607632
418607640
418607648
248356256
248356256
94686064
94686072
94686080
94686088
94686096
94686104
94686112
487062088
487062088
494238472
494238480
494238488
494238496
494238504
494238512
489683584
489683592
489683600
489683608
489683616
373157032
373157032
410579200
410579208
410579216
410579224
410579232
410579240
530939728
530939736
530939744
530939752
530939760
530939768
211720600
211720600
328787800
328787800
295265096
295265104
295265112
295265120
295265128
295265136
295265144
295265152
295265160
434271200
434271208
434271216
434271224
434271232
434271240
312157504
312157512
312157520
312157528
312157536
312157544
312157552
312157560
188765848
188765856
188765864
188765872
188765880
115019208
115019216
115019224
115019232
115019240
115019248
115019256
257580752
257580752
18645602
18645602
351087096
351087096
65669156
65669156
229710704
229710704
174134464
174134464
349268424
349268424
360213296
360213304
360213312
360213320
360213328
360213336
360213344
157422328
157422328
244981064
244981064
484145672
484145672
347761072
347761080
347761088
347761096
347761104
160273240
160273248
160273256
160273264
418181600
418181608
418181616
31982592
31982592
323479248
323479248
344418632
344418632
104254576
104254584
104254592
104254600
104254608
104254616
148066800
148066800
145019256
145019264
145019272
145019280
145019288
113249664
113249672
113249680
113249688
132763688
132763696
132763704
401698784
401698792
401698800
401698808
401698816
490142320
490142320
186799744
186799752
186799760
186799768
186799776
27247424
27247432
198186952
198186960
198186968
198186976
198186984
198186992
198187000
198187008
370863256
370863256
154047104
154047112
154047120
154047128
154047136
494730008
494730008
166761456
166761456
429568920
397193056
397193064
397193072
397193080
397193088
397193096
18678378
18678378
413938072
413938080
413938088
413938096
413938104
413938112
366914496
366914504
64112548
64112548
27247448
27247456
27247464
27247472
27247480
275161312
275161312
377154816
377154816
135778424
135778424
283288064
283288072
283288080
283288088
283288096
283288104
525516456
525516456
191747904
154292832
154292840
154292848
154292856
154292864
154292872
154292880
154292888
409579784
409579792
409579800
409579808
409579816
204871856
204871864
204871872
204871880
204871888
225073920
225073928
225073936
225073944
225073952
225073960
102124592
102124600
102124608
195647320
195647328
195647336
195647344
195647352
195647360
496089960
496089960
375614680
375614688
375614696
375614704
375614712
375614720
375614728
375614736
111545744
111545752
111545760
111545768
111545776
94686024
94686032
139137184
139137192
139137200
139137208
139137216
139137224
139137232
262102888
262102896
262102904
262102912
262102920
359426872
359426880
295035680
295035688
295035696
295035704
295035712
295035720
456259192
456259200
456259208
456259216
456259224
456259232
456259240
111332752
111332760
111332768
111332776
421196352
421196360
421196368
286990992
286990992
389918392
389918400
389918408
389918416
389918424
389918432
389918440
162059104
162059112
162059120
162059128
162059136
37700792
37700800
37700808
37700816
37700824
37700832
37602532
524729984
524729992
524730000
524730008
524730016
530677568
530677568
531365760
531365768
531365776
531365784
531365792
531365800
531365808
171103336
171103336
440054920
440054928
440054936
440054944
440054952
440054960
440054968
440054976
440054984
456259232
456259240
375844032
375844040
375844048
189273824
189273832
328361760
328361768
328361776
328361784
328361792
328361800
277635416
277635424
277635432
277635440
506674272
506674280
217602560
217602560
293151528
293151528
296543136
296543144
84806176
84806184
84806192
84806200
84806208
84806216
84806224
155734672
155734680
155734688
155734696
155734704
129191840
129191848
129191856
129191864
129191872
129191880
506231904
506231912
244096320
244096328
244096336
244096344
244096352
244096360
244096368
149197272
149197280
149197288
149197296
149197304
410759432
410759440
410759448
410759456
410759464
410759472
329557896
329557896
145953120
145953128
145953136
145953144
145953152
145953160
96422792
96422800
96422808
96422816
96422824
96422832
140136688
140136688
149475808
149475816
149475824
149475832
149475840
149475848
149475856
149475864
149475872
282436016
282436016
109350216
109350216
353823328
353823328
271917216
271917224
271917232
271917240
532578176
25723706
25723714
25723722
25723730
25723738
25723746
25723754
38945996
38945996
292578096
292578104
292578112
292578120
385150432
385150440
385150448
81955312
81955320
81955328
81955336
81955344
483981760
529186688
529186688
440530048
440530056
440530064
440530072
440530080
440530088
440530096
360901432
360901432
167318576
167318584
167318592
167318600
476756192
476756200
476756208
476756216
236346464
236346464
276111648
276111648
230906776
230906784
230906792
230906800
230906808
230906816
230906824
230906832
94341952
536805464
536805464
98356200
98356208
98356216
98356224
98356232
98356240
465811328
465811336
465811344
465811352
465811360
465811368
309126432
309126440
309126448
57214676
57214684
265101216
265101224
265101232
265101240
265101248
265101256
265101264
265101272
150639152
150639152
473331864
473331872
473331880
473331888
415232384
415232392
415232400
415232408
486701632
486701640
486701648
124948200
124948208
124948216
124948224
124948232
124948240
113249672
113249680
113249688
113249696
113249704
113249712
113249720
113249728
113249736
150819376
150819384
150819392
150819400
150819408
474495136
474495144
474495152
474495160
420557440
188372592
188372600
188372608
188372616
188372624
445773160
445773160
317351416
317351424
317351432
317351440
317351448
317351456
317351464
507182208
467990520
467990528
467990536
467990544
467990552
467990560
467990568
204871792
204871800
525795008
525795016
525795024
525795032
525795040
409153752
409153760
409153768
409153776
409153784
409153792
285090400
285090400
88099496
88099504
88099512
88099520
88099528
88099536
172676240
172676248
172676256
172676264
172676272
172676280
172676288
172676296
172676304
477411552
477411560
477411568
477411576
477411584
477411592
477411600
477411608
477411616
129994696
129994696
379940200
379940200
179541400
179541408
179541416
179541424
179541432
179541440
46351752
46351760
46351768
8913216
8913216
20873926
20873934
20873942
20873950
20873958
485587456
485587456
381988224
381988224
491371224
491371232
491371240
491371248
491371256
491371264
95931248
172676256
172676264
172676272
172676280
172676288
115871184
115871184
327198488
327198488
361802552
361802560
361802568
361802576
361802584
361802592
361802600
12845472
12845472
28164996
28165004
28165012
28165020
28165028
28165036
28165044
250306000
250306000
507411648
507411656
507411664
360983296
360983304
521715312
521715312
77826440
77826448
77826456
77826464
77826472
279765344
279765352
279765360
37127300
37127308
37127316
37127324
37127332
439841904
439841904
415936984
415936984
409694528
409694528
95931280
95931280
147476912
147476920
147476928
147476936
147476944
147476952
147476960
494123808
494123816
494123824
494123832
301720576
301720584
301720592
301720600
525303456
525303464
525303472
525303480
525303488
169546848
169546856
169546864
169546872
169546880
192288496
115691016
115691016
167580736
167580736
382332360
382332360
46744988
46744996
46745004
46745012
46745020
46745028
46745036
426767128
426767128
128503704
128503712
278094112
278094120
278094128
453621336
453621336
492698352
492698352
244784504
244784512
244784520
119459392
119459400
119459408
119459416
119459424
119459432
154833608
154833608
110972232
110972232
293167904
293167912
293167920
293167928
293167936
32343044
32343044
315024784
315024792
315024800
315024808
315024816
315024824
315024832
315024840
315024848
395898736
395898744
395898752
395898760
395898768
272752800
272752808
272752816
272752824
272752832
272752840
223238824
223238832
223238840
223238848
223238856
223238864
365341576
365341576
189273808
189273816
189273824
189273832
328361760
328361768
328361776
328361784
328361792
135335968
135335968
207018224
207018232
207018240
110202144
110202152
110202160
134680632
134680640
134680648
134680656
134680664
345581896
345581904
345581912
345581920
345581928
345581936
51725956
373353600
373353608
373353616
373353624
1884233
1884241
1884249
1884257
1884265
148050384
148050392
148050400
148050408
148050416
148050424
466007936
466007944
83102216
83102224
83102232
83102240
83102248
83102256
83102264
265068528
265068528
489290416
489290424
112741744
112741752
112741760
112741768
521010752
521010752
93080360
93080360
42288420
42288420
183686696
461141760
461141768
461141776
461141784
461141792
524123808
524123816
524123824
524123832
524123840
524123848
524123856
233774080
233774088
233774096
233774104
