1364
1364
2087
2087
2849
2850
2850
1244
1244
876
876
2570
2570
2736
2736
2737
2737
2738
2738
2739
2739
2740
950
950
951
951
952
952
953
953
1659
1660
1660
2531
2531
2532
2532
2533
3843
3844
3844
3845
3845
3846
3846
1808
1809
1809
1810
1810
1811
2896
2896
2897
2897
2898
2898
2899
2899
2711
2711
2712
2712
1738
1738
1739
2278
2278
3928
3929
3929
3930
3930
4000
4000
4001
4001
4002
1147
1148
1148
1149
1149
1150
1150
2252
2253
2541
2541
3987
3987
2467
2467
325
325
2808
2808
2809
2809
2810
2810
2811
1774
1774
1067
1511
1511
1512
1512
2704
2704
2705
2705
2706
2085
2085
2086
952
952
953
953
954
2056
2057
2057
2058
2058
2059
2196
2196
2197
1272
1273
1273
1274
1274
1306
1307
1307
1349
1349
1350
1350
1351
1351
3363
3364
3364
3365
3365
3366
3366
3367
3068
3068
1415
1416
1416
1417
1417
3509
3509
3510
984
984
4048
4048
4049
4049
4050
4050
748
3259
3259
1660
1661
1661
3686
3686
3687
3687
3690
3690
316
317
317
318
318
319
319
320
1682
1682
650
650
1381
1381
1382
2519
2519
2520
2520
1315
1315
676
676
3316
3316
3641
3641
3642
3642
3643
3643
3644
3644
2412
2412
2413
2413
2414
231
231
2888
2888
2889
2889
2890
2890
2891
2809
2809
553
554
554
555
555
556
3196
3196
3573
1878
1878
1879
1879
1684
1685
1685
1686
1686
1687
3600
3601
3601
3602
3602
3603
3603
3604
3604
3385
3385
629
630
630
631
631
632
632
1085
1086
2654
2654
2682
2682
4044
4044
4045
1176
1176
1723
1723
261
261
262
262
3050
3050
3051
3051
3062
3062
556
557
557
558
558
559
56
56
30
30
582
582
583
583
584
584
392
392
948
790
790
791
791
792
792
3084
3084
3085
3085
3086
191
192
192
193
691
691
3921
3921
3922
3922
3923
3923
3924
3924
3925
1899
3154
3155
3155
3156
3156
3157
3157
3158
710
710
711
711
712
712
713
713
714
2171
2171
2172
2172
2173
2173
2174
2174
1348
1348
1864
1864
1865
1865
646
2773
2774
2774
2775
2775
2776
2334
2334
2827
2827
3397
3397
1792
4076
4076
4077
4077
4078
39
40
3436
3436
3437
2632
2632
2444
2444
725
726
726
727
727
179
179
180
180
181
181
2968
3941
516
516
517
517
518
518
519
1857
1858
1858
1859
1859
3596
3596
3597
3597
280
280
991
992
992
993
993
4059
4060
4060
4061
4061
4062
4062
3838
3839
3839
3840
1375
1375
1376
1376
1377
2430
2431
2431
2432
2432
1899
1900
1900
1901
1901
2133
2750
2750
2751
2751
2752
2752
2753
2753
1244
1245
3214
3214
3215
3215
3216
868
869
869
870
870
871
871
872
1731
1732
1732
3085
3086
3086
3087
3087
3088
4059
4059
1448
1448
3666
3666
3021
3021
2294
2294
1292
1292
1293
1293
1294
1294
1295
4016
4016
4017
4017
4018
944
945
945
946
946
947
3698
3698
3699
3699
3700
3700
3701
3701
3702
92
93
93
94
94
95
95
3442
764
764
765
765
766
766
767
1660
1660
3920
3921
3921
3922
3922
3923
3466
3466
1908
1908
1909
1909
1910
1910
1911
1335
1335
1064
1064
3202
3202
1656
1656
1657
1657
2342
2342
129
129
3168
3168
2694
2695
2695
2696
2696
2697
2697
2698
2698
31
31
32
32
33
1972
1973
1973
1974
1974
1975
3645
3646
3646
3647
3647
3648
3459
3460
3460
3461
3461
3462
3264
3265
3265
3266
3266
3267
3267
3268
3268
1514
1515
1515
1516
3972
3972
3973
1115
1115
3775
3776
3776
3777
13
14
14
15
283
283
191
191
192
192
1150
493
493
2513
2514
1938
1938
1939
1939
710
710
3271
3272
3272
3273
3273
1413
1413
3370
3370
3371
3371
3844
3844
3845
3845
3846
2256
2256
3462
3463
3463
3464
3464
3465
2244
2244
1553
1553
1554
1554
1555
1555
1556
1556
888
888
889
889
890
890
1754
1754
3693
3693
1792
1793
1793
1794
1794
1795
1795
1796
1796
11
11
12
12
13
13
14
14
2093
2093
3569
3569
2677
3286
3287
3287
3288
3288
3289
3289
1160
1160
3180
3180
175
175
3576
3576
2374
2374
2375
2375
2376
2555
2555
2865
2865
1349
1349
1350
1350
1351
1351
1352
2361
2361
2362
3162
3163
3163
2940
2940
2322
2323
2323
2324
2324
2325
2325
2326
2326
3078
3078
3655
3655
3656
1816
1816
1817
1817
2528
2529
2529
2530
2530
2531
2531
2532
217
217
3209
3210
3210
3211
3211
3212
2469
2470
2470
2471
2471
2472
1755
1756
1756
1757
1757
1758
1758
1759
1759
2607
2607
1559
1559
578
578
3460
3461
3461
3462
3462
3463
3463
135
135
2591
2591
3617
2796
2796
2797
2797
2798
2798
2799
2799
319
319
320
320
3536
3536
1138
1138
775
775
776
776
777
777
778
778
817
818
818
819
819
820
820
1311
2578
2579
2579
2580
2580
3604
3157
3157
2388
2388
2389
2389
2390
2390
2391
2391
2392
680
680
681
681
682
682
809
809
1534
1535
1535
1536
1536
1537
1537
1538
1538
1745
1746
1746
1747
2294
2436
2437
2437
2438
2438
2439
3794
3794
3276
3277
3277
3674
3674
2059
1482
1482
1483
1483
914
915
915
916
916
917
917
918
918
3975
3975
3976
3976
3977
3977
3978
1529
1530
1530
1531
1531
1532
1532
1444
1444
1445
1445
1446
2108
2108
1833
1834
1834
1835
1835
1836
1836
3825
3826
3826
3827
3827
3828
3828
3829
375
375
178
178
179
179
180
180
3403
3403
664
665
665
666
666
667
667
668
668
1691
1692
1692
1693
1693
890
890
2028
2029
2029
2030
2030
3778
3778
216
1468
1468
1469
1469
1470
1470
4075
4075
3084
3084
1865
1865
3871
3871
3920
3920
3921
3921
3922
3922
3923
3923
3924
1157
1157
3673
3673
440
440
3336
3336
3337
3337
3159
3159
3160
3160
253
254
254
255
255
256
256
257
257
2201
2202
2202
3786
3786
3794
3794
3795
3795
3796
3796
3797
46
46
1055
1055
3282
3282
514
515
515
1774
1774
1775
1775
1776
1727
1727
3026
3026
2091
2091
2385
2385
786
787
787
788
788
789
1568
1568
577
577
578
578
579
3097
3098
3098
3099
4009
4009
4010
4010
4011
4011
1239
1239
1240
636
637
637
638
638
639
3270
3270
3271
3271
3272
3276
3276
3277
2491
2492
2492
356
356
357
357
414
415
415
416
416
417
417
418
418
2466
2466
2467
2467
2824
3046
3046
1905
1905
1642
1642
1643
1643
1644
1644
500
500
4064
4064
4065
4065
4066
4066
4067
336
337
337
338
338
601
602
602
603
603
3199
3199
3281
3281
2112
2113
2113
2114
3822
3357
3357
3332
3332
3333
3333
3730
3730
2646
2646
3504
3504
2643
2643
1111
1112
1112
1113
1113
1114
1114
1115
2727
2727
935
935
3834
3834
2614
2614
2370
2370
598
598
599
599
600
3635
3635
2370
2371
2371
2372
2372
2373
2373
1235
1236
876
876
877
877
878
878
879
3076
3077
3077
3078
3078
3079
3079
269
269
270
1568
1568
1569
116
116
117
117
118
664
664
784
785
785
1586
1586
259
260
260
261
261
2389
2389
1335
1335
1336
1336
220
220
4029
4029
2845
2845
1471
1471
3843
3844
3844
3845
3845
3846
2087
2551
2551
1700
4066
4066
4067
4067
4068
4068
4069
2615
2615
2616
2616
2617
2617
3779
3779
2544
2544
1956
1957
1957
1958
1958
1959
1959
3640
3640
509
509
2343
2343
183
183
3442
3443
3443
3444
3444
2320
2320
2321
2678
2678
2679
2679
2680
2680
2681
2681
2682
2157
2158
2158
2159
2159
3853
3853
1589
1589
165
166
166
167
414
414
415
320
320
3536
3536
3537
3537
3538
3538
3539
3110
3110
3111
3111
3112
3112
3113
3145
3145
2617
2618
2618
2619
3395
3395
3396
3396
2738
2739
2739
2740
2740
2741
2741
2240
2240
505
505
2171
2171
2172
2172
2173
2173
853
853
2534
2534
3403
3403
994
994
849
850
2449
2449
2450
2450
2451
2451
802
802
803
803
804
263
264
264
265
265
266
266
267
267
3374
3374
608
608
165
165
166
166
167
414
3650
3651
3651
3652
3652
315
315
1758
1758
1759
1759
1760
1760
4064
4065
4065
1430
1430
1431
1431
1432
490
490
3531
3531
392
392
393
393
1297
1297
1298
1298
3198
3198
3202
3202
3203
3203
3204
3204
3205
716
716
2294
2294
445
445
3289
3289
776
776
777
777
778
778
779
779
780
919
919
453
453
454
454
455
455
747
747
31
32
32
33
33
66
66
3819
3819
2759
2759
2760
2760
2761
2761
2762
2762
2614
1767
1767
1322
1322
1092
1093
1093
1094
1094
1095
1095
1096
1096
542
542
196
196
4008
4009
4009
4010
4010
4011
1109
1109
1222
1222
1888
1889
512
512
513
513
514
3874
3875
1223
1224
1224
1225
1225
1226
1226
2618
2618
1500
1500
1501
1501
357
357
3876
3876
3638
3639
1369
1369
1370
1370
1371
1371
1372
3695
3696
3696
3697
3697
1775
1776
1776
2906
2906
2907
2907
2908
154
154
2268
2268
2269
2269
2270
2270
2445
2445
3161
3161
3162
3162
3163
3163
1952
1952
1953
3718
3718
1602
1602
1603
1603
1604
1604
1605
1574
1574
1573
648
648
649
649
650
1971
1971
1972
1972
1973
1973
3287
3287
3288
3288
3289
3289
3290
3614
1967
1967
1431
1431
1432
1432
1433
2551
2551
1844
1844
1845
1845
1846
1846
1847
1847
2909
2909
967
967
2487
2488
2488
2489
2489
2924
2924
3115
3116
3116
3117
3117
703
703
704
704
705
705
706
706
2760
2834
2834
47
47
365
365
1830
1830
3548
3548
1862
1862
1863
1863
1864
1864
1865
1865
3605
3605
3606
1644
1644
1645
1645
3711
3711
3712
3826
3826
3827
3827
3828
1929
1929
3837
3838
3838
3839
3839
3840
2988
2989
2989
2990
2990
1386
1386
1387
1387
1388
1388
2536
3190
3191
3191
3192
3192
3193
3193
3194
1635
1635
2530
2530
3214
3214
1800
1800
1407
1407
1973
1974
1974
1975
1975
1976
2553
2553
2554
2554
2555
2055
2056
2056
2057
2057
960
960
961
961
962
962
3460
3460
3533
3533
829
829
837
837
3354
3354
3355
3355
3356
3356
3357
3356
980
980
3799
3799
1354
1355
1355
1356
1356
1068
1069
1069
870
870
871
871
872
2560
2560
2561
2561
2562
2562
1338
806
806
3652
3652
648
649
649
650
650
651
651
3547
3547
361
361
4006
4006
3887
3887
3888
3888
1339
1339
1340
1340
1307
1307
599
599
4035
4035
1433
1433
1434
1434
1435
2080
797
797
798
798
799
799
4052
4053
4053
4054
4054
4055
4055
2444
2444
2967
2968
2968
2969
2969
2970
2970
2971
2971
2031
2031
2032
2032
2033
2206
2206
1373
1373
1588
3806
3806
3807
3807
3808
3808
3809
3680
3680
3040
3041
3041
3042
3042
386
386
387
387
388
388
389
3530
3530
2993
2993
2994
2706
2706
1939
1939
1940
1940
1941
1941
2710
2710
3630
3630
3569
3570
3984
3984
3985
2583
2583
2881
2881
1961
1961
1962
1962
188
3279
3279
3280
3280
3281
3281
2514
2514
613
613
614
614
615
615
616
616
2227
2227
2228
2228
2229
3176
3176
3177
3177
3178
3178
4010
4010
4011
4011
4012
4012
4013
1502
1502
1503
1503
1504
1504
1505
1505
1398
3718
3718
3285
3286
3286
3287
3287
3288
3288
3289
3289
2040
2041
2041
2042
2042
1488
1488
1489
1489
2827
2827
3060
3060
1020
1020
1021
624
624
625
625
3436
3437
3437
664
664
2436
2436
2588
1291
1291
1292
1292
978
979
979
980
980
981
2840
2841
2841
2842
2842
2843
2843
2844
123
123
2251
2251
2252
2252
2740
1989
1989
1990
1990
1991
1991
1992
1992
219
219
220
220
221
221
222
222
223
243
244
244
245
245
623
623
624
624
3407
3407
3408
2698
2698
2699
2699
2700
2700
943
943
3287
3288
3288
3289
3289
3290
3290
3291
3291
1587
1587
1588
1588
1589
4000
4000
4001
3523
3523
1118
1118
1903
1903
3790
3196
3196
3197
3197
829
829
1053
1054
1054
1055
1055
1056
1056
1057
1057
1876
1877
1877
1878
1878
1879
1879
2816
3534
3534
2338
2339
2339
2340
2111
2111
2112
2112
3015
3016
3016
3017
3017
3018
2133
2134
2134
2135
2135
2136
3239
3240
3240
3241
3241
3242
3242
3243
3243
2710
2711
2711
2712
2712
3670
3670
3671
2548
2549
2549
2550
2550
1806
1807
1807
1808
1808
1809
1809
611
611
2798
2798
1734
1734
1735
1735
3483
3483
3484
3484
489
489
1444
1444
1445
1445
1446
1455
1455
1456
1456
1457
1457
1458
2727
2727
3953
3953
2359
2359
88
88
2673
2673
318
318
3319
3320
3320
3072
3073
2124
2952
2952
2953
2953
2954
2954
2955
3404
3405
3405
1780
1780
1781
1781
1782
1782
167
167
168
168
169
169
363
1775
1775
698
699
699
700
700
701
1465
1466
1466
1467
1467
1468
1468
1469
3168
3169
3169
2175
2176
2176
188
188
1752
1752
1753
1753
20
1208
1208
1209
1209
1210
1210
3398
3398
3399
362
362
363
363
364
364
365
365
366
2978
2979
3123
3123
3124
3995
3995
2112
2112
1703
1703
3739
3739
1206
1207
3964
3964
3965
3965
3604
3604
3990
3990
3077
3077
3642
3642
162
162
163
163
164
164
165
2464
2464
962
963
963
964
964
965
965
966
966
4042
4042
2157
2158
2158
2159
2159
3672
3672
3673
3673
1985
1986
1986
1987
1987
1831
491
491
492
492
3289
3289
3290
3290
3291
3291
81
81
520
602
602
603
603
604
604
3960
3960
163
163
1398
1399
1399
1400
1400
1401
2570
2570
323
323
980
3702
3702
3703
3703
3704
3704
3606
1980
1980
1981
1981
1247
1247
2253
2253
2905
2906
2906
2907
3562
1430
1430
2582
2582
2958
2958
832
832
2948
2949
2949
2950
2950
2951
2951
2952
239
24
24
1042
1043
1043
1044
1044
1045
523
2936
2936
2937
2937
2938
2938
2939
2939
3317
3318
3318
3319
3319
3320
3320
3401
3402
3402
3403
3403
3404
4070
4070
4071
603
604
604
605
605
606
1639
1640
1640
1641
1475
1475
1476
1476
993
993
994
994
995
1020
4077
4077
4078
4078
4079
4079
4080
4080
2576
2576
3767
3767
1721
1722
1722
1723
1723
1141
1141
1142
1142
1143
1143
2132
2132
4084
4084
4085
4085
4086
2094
2095
2095
2096
2096
880
880
881
881
483
483
484
484
485
1559
1559
1105
1106
1106
1107
1107
1108
1108
3734
1057
1058
1058
1059
1059
1928
1928
3505
3505
3757
980
980
981
981
982
3816
3816
3817
3817
3818
3818
617
617
343
343
902
1546
1546
1547
1547
1548
1548
1549
274
275
275
1464
1464
1465
1465
2334
2335
2335
2336
2336
2337
694
695
695
696
696
3300
3301
3301
3302
3782
3782
491
492
492
493
493
888
888
889
889
3567
3567
3568
3568
1950
1950
3608
3608
3609
3609
900
900
901
901
902
138
139
139
140
140
141
2365
2365
2366
2366
2367
2367
2368
1556
1556
3738
3788
3788
3789
3789
3790
3790
1129
1130
1130
1131
1131
1132
1132
1133
2841
2842
2842
2843
2843
1464
1464
1465
1465
2391
2391
262
262
981
981
982
3056
3056
3057
3057
2757
2758
2758
2759
2759
2760
2099
2099
2100
2100
2101
2173
2173
2174
3063
3063
3064
3064
3065
3065
3066
1681
1681
967
967
1142
1142
1468
1468
781
781
2620
2620
2601
2601
2002
2002
843
843
1403
1403
2364
2364
2365
2365
2366
2366
2367
1107
1727
1728
1728
1729
1729
1730
1730
293
293
2418
2418
578
578
579
579
580
580
581
581
3316
3316
3262
3262
3263
3263
3264
3264
3265
3265
3266
484
484
4020
4020
4021
1886
1886
1887
2884
2884
3130
3130
3131
3131
1378
1378
1677
1677
3990
3990
1138
1138
1139
1139
1140
1140
1141
3311
3311
3312
3312
1634
1634
2619
2619
2620
2620
2621
2621
2622
2555
1733
1733
2085
2086
952
952
953
569
570
570
571
571
2834
2834
2835
2835
22
22
2070
2070
2071
2071
2072
3720
3720
2728
2728
3063
3064
3064
3065
3065
3066
3066
3067
1358
1358
3827
3827
3828
3828
3829
3829
3830
3830
3831
3281
3282
3282
3283
3283
3284
3284
3285
949
949
950
950
951
951
3038
3039
3039
1146
1146
1147
1147
3728
3729
3729
3730
3730
3731
3731
3732
1615
3454
3454
3455
3455
3456
3456
3457
3457
2695
2696
2696
2697
2697
2698
2698
2699
1687
1687
2778
2778
624
625
625
626
626
627
627
628
628
1708
7
8
8
9
9
3583
3583
4031
4031
3803
3804
3804
3805
3805
3806
3806
1686
1686
2834
2834
4059
4059
4060
4060
4061
4061
4062
4062
2052
2052
1664
1664
1665
1665
1666
1666
800
800
1606
1606
2169
2169
3692
3692
1729
1729
1584
1585
1585
1586
1586
1587
3652
3652
1568
1569
1569
1570
1570
1571
1998
1999
1999
2000
3652
3652
3653
3653
3654
2361
2361
2591
2591
3032
3032
3033
3033
3034
1710
1710
3216
3216
3217
3217
182
2320
2320
1197
1198
1198
1199
1199
1200
1200
1201
1201
3067
3067
3068
3068
4038
4038
1226
1227
1227
1228
1228
1229
1229
1335
1335
1336
3091
3092
3865
3865
3600
3262
3262
3263
3263
3264
3264
3265
3265
458
458
3389
3390
3390
3391
3391
3392
3392
3393
101
101
102
102
103
103
104
928
929
929
930
930
931
674
675
675
676
676
677
677
289
290
290
291
1324
1324
1245
1245
1002
1002
1311
1311
130
131
131
132
132
133
297
297
516
516
517
517
518
518
519
2675
2675
2676
2676
2677
4058
4058
4059
630
630
631
631
632
632
633
633
1301
1301
3431
3431
4071
4071
4072
4072
3566
3566
618
780
780
781
781
782
782
783
783
4019
3970
3970
3971
3971
3972
3972
2155
2155
2156
2156
2157
2157
2364
2365
2365
3579
3579
3580
3580
3762
3763
3763
3764
3764
3765
3765
3766
3357
3356
3356
3357
3357
3358
3970
3970
738
738
739
739
740
740
3833
3833
3125
3126
3126
3127
3127
3128
3128
3265
3266
1064
3690
3690
3691
3691
3692
3692
3753
3754
3754
3755
3755
2936
2936
3718
3718
2692
2692
2343
2343
2344
2344
2345
1467
1467
3064
3064
3065
3065
1753
1753
3570
3570
3571
3571
3572
3572
3573
994
995
995
996
996
3514
3515
3515
3293
3293
3294
164
164
165
473
473
474
474
475
475
1005
1006
1006
2784
2784
2785
1643
1643
1644
3640
3640
2976
2977
2977
2978
2978
2979
1475
264
264
2992
2992
2731
2731
384
384
385
385
386
386
387
856
463
463
464
464
465
465
2479
2479
1325
1326
1326
1327
1327
1328
1503
1503
1504
2996
2997
2997
2998
2998
2999
2999
3000
783
783
784
784
785
785
1729
1729
1730
1730
1731
1731
1732
1732
2890
2890
3972
1052
1053
1053
1054
1054
1055
3749
3749
2109
2109
2110
2110
2111
2422
2422
2423
2423
2424
2254
2255
2255
2256
2256
2257
1809
1810
1810
1811
1811
1812
3992
3992
3993
2576
2576
3459
3459
3460
3460
3461
2264
2264
2662
2663
2663
2664
2664
1844
1413
1413
1414
1414
549
549
550
550
551
551
552
552
4019
4019
2391
2391
2392
2392
2393
284
284
352
352
2010
2011
1614
1614
1615
445
445
3294
3295
3295
3296
3296
3297
3784
3784
1077
1077
454
454
2680
2681
2681
2682
2682
1560
1560
1561
2437
2437
2438
3425
3425
3426
3426
936
936
937
937
1412
1413
1413
1414
1414
1415
1415
1416
1416
2486
2486
2487
2487
2488
2488
2489
2944
2944
2222
2222
2223
2223
2224
2224
2225
2225
2226
2902
2902
3014
3014
3015
3015
3016
3016
3017
3017
2324
2325
2722
2722
2723
2471
2471
950
951
951
952
1430
1430
1431
1431
673
673
2337
2338
2338
2339
2339
2340
4064
4064
88
88
3793
3793
2990
2990
3862
3862
2317
2317
2318
2318
2319
3998
3998
632
632
633
633
634
1058
1058
2109
2110
2110
2111
2111
2112
2112
303
304
304
305
305
306
306
307
307
1596
1596
1110
1111
1111
1112
1112
1113
301
301
302
3304
3304
2160
2160
1887
1887
1888
1888
1889
512
1911
1912
1912
1913
1913
1914
2943
2943
3248
3248
3249
3249
3250
2742
2742
2743
2743
2187
2187
2188
2188
2189
2189
2190
2190
2191
3614
3614
2947
2947
1046
1047
1047
1048
1048
1049
1049
1050
1050
2235
2236
2236
2237
2237
2238
3558
3558
1633
1633
584
585
585
586
586
192
192
193
2916
2916
1063
1063
968
968
3429
3429
234
235
235
236
236
237
237
238
286
286
287
287
288
3841
3841
3842
3974
3974
3975
3975
3976
3976
51
51
893
894
894
895
895
896
896
897
897
1858
1858
1859
1859
1860
1860
1861
1926
1926
2864
2864
3393
3393
2857
2858
2858
265
265
266
38
38
39
39
40
1284
1284
1271
1271
3833
3833
3834
3834
3835
3386
3386
2547
2548
2548
2549
2549
1849
1849
1273
1274
1274
3998
3998
3999
3999
56
56
1879
1879
3358
3358
3388
3388
124
125
125
126
126
127
127
2448
2448
1663
1663
1358
1358
1359
1359
1360
1360
483
483
3470
3470
748
749
749
750
750
1529
1529
507
507
3922
3922
150
150
3640
3640
3641
3641
2633
2633
3718
3719
3719
3365
3365
3366
3366
3367
1333
1334
1334
1335
1335
968
968
2041
2041
2883
2883
4080
4080
2239
2240
1544
1544
1545
1545
1546
1546
1547
4075
4075
4076
4076
4077
4077
4078
950
950
3912
3913
3913
3914
3914
3915
3915
3916
1926
1926
3138
3139
3139
3140
3140
3141
3141
3169
3169
3170
3170
3171
3171
3172
3172
3173
1140
1140
3689
3689
2673
2673
191
191
3871
3871
3872
3872
3873
2656
2656
1588
1589
1589
1590
1590
1591
1591
3902
1142
1142
2292
2292
3884
3884
3885
3885
1461
1461
1376
1376
1377
1377
1378
1378
1379
1379
98
98
99
99
100
100
101
1206
1207
1465
1465
3644
3644
3645
3645
3646
3646
3647
3647
3739
3739
3383
3383
3689
3689
1644
3640
3640
3641
3641
544
545
545
546
546
946
740
740
741
741
742
742
743
2799
2799
2169
2170
2170
698
698
699
1221
1221
1222
1222
1223
3654
3654
2713
2713
3739
3739
1734
1735
1735
1736
1736
2130
2131
2131
2132
2132
2133
2133
2750
3282
3282
3283
3283
3284
3284
3285
3285
3642
3643
3643
3644
3644
1408
1409
1409
1410
1410
185
186
186
2610
994
994
995
995
2576
2576
646
647
647
648
3400
3400
3401
3975
3975
3976
3976
3977
3977
3978
2421
2421
1101
1102
2566
2566
2567
2567
2686
2686
1650
1650
2674
2674
2675
2675
2676
799
800
800
801
801
802
483
483
484
484
485
485
3395
28
29
29
30
30
31
2862
2863
2863
2864
2864
2865
2865
2866
1612
1612
1613
1613
1614
3093
3093
3094
3094
3095
3095
3708
3708
3709
3709
3710
1018
1018
4095
0
0
1
1
2
2
2550
2640
2640
2641
2641
2642
2642
2643
2643
779
779
1446
1446
953
953
954
954
955
955
1306
1306
2799
2799
3151
3152
3095
3096
3096
3097
660
660
237
238
238
239
239
240
803
803
3539
3540
3540
3541
3541
2270
2271
2271
2272
2272
2711
2711
3889
3889
1279
1279
875
875
3138
3138
3139
3139
3140
2650
2651
2651
2652
2652
2653
2653
1369
1369
2071
2071
1575
1576
1712
1712
1713
1713
1714
2085
2085
2086
2086
2087
2087
2088
2088
2089
2157
2157
3772
3772
3773
3773
3774
1822
1822
1823
1823
1824
1824
1825
1825
1826
2522
2522
3255
3255
3256
3256
3257
3257
3258
4004
4004
1968
1969
1969
1970
1970
1971
4008
4008
4009
4009
4010
3786
3786
3856
3856
3857
3857
3858
3858
2037
2037
2038
2038
2039
2039
2457
2457
3701
3701
1588
1589
1589
1590
1590
1591
1591
1592
1592
1854
1854
1855
1855
1856
1856
596
596
597
597
598
598
599
599
1385
1386
1386
1387
1387
220
221
221
222
222
223
223
1517
1517
2086
2086
671
671
130
130
439
439
332
332
1692
1692
1715
1715
1716
1716
1717
1717
1718
303
303
468
468
1952
1952
1691
1691
1692
1692
1693
2357
2358
2358
2359
3870
3870
3871
64
64
3693
3693
1684
1684
3271
3271
3272
3272
3273
3273
1311
1311
3351
3352
3352
3353
3353
216
216
217
217
3330
3331
3331
1790
1790
1791
1791
1792
4007
4007
1384
1384
1385
1385
1386
3124
3124
380
381
381
382
382
383
383
384
3785
3785
2344
2344
2345
2345
2346
4017
4017
2367
2367
2873
2806
2806
2807
2807
2808
2808
38
38
793
794
794
795
795
796
2748
2748
1146
1146
3125
3126
3126
3127
3127
2574
2574
3792
3792
3335
3335
2592
2592
2593
2593
2594
2594
3050
3050
3444
1318
1318
1319
1319
1320
1320
1321
1321
2832
2833
2833
2834
2834
395
395
396
396
397
1456
1456
1457
1457
1458
1458
1219
1219
1220
1397
1398
1398
1399
1399
1400
2998
2998
1741
1742
1742
1743
1743
1744
1744
1745
217
217
218
218
219
3252
3253
266
266
267
267
268
268
269
1526
1527
1527
1528
1528
1715
1716
3634
3634
3635
3635
3636
3636
3943
3944
3944
3945
3945
3946
3946
3289
3289
3290
3290
3876
3876
3877
553
553
2795
2796
2796
2797
2797
2798
2798
3382
3382
3383
3383
3384
1099
1100
1100
1101
1101
1102
3150
3048
3048
3049
3049
3050
2036
2036
4088
4088
4089
4089
4090
4090
4091
3398
3398
2888
2889
2889
2890
2890
2891
2891
2892
2892
3946
3946
3788
3788
3789
366
366
1650
1650
1651
1651
1652
1652
1557
1558
1558
1559
966
966
1440
1440
562
562
3642
3642
162
162
163
163
164
164
165
1321
1321
1322
1322
1323
1274
1274
1275
1275
1276
1276
1990
1990
2516
2516
2517
2517
2518
2518
2519
2333
2334
2334
2335
2335
2832
2833
2833
2834
2834
2835
2680
2680
278
278
279
279
280
280
1208
1209
1209
1210
1210
1211
1295
1295
3358
3358
3359
3359
3360
3360
3361
3361
3362
2587
2587
2260
2260
3750
3750
522
522
523
523
2040
2099
2100
2100
2101
2101
2102
2102
1100
1100
1587
1587
1588
1588
3806
3806
3807
2207
2207
2208
2208
2209
3996
3064
3064
3912
3912
3913
3913
3914
3914
3915
3763
3763
323
323
324
324
2958
2958
2959
2959
1478
1478
530
530
1465
1466
1466
1467
1467
1468
1468
1469
2228
5
5
3262
3263
3263
3264
3264
3265
2936
2936
2937
2937
2938
2938
3666
3666
3667
109
109
506
506
507
507
508
508
509
509
2339
2339
1929
1930
1930
1931
3864
3864
3865
3865
1956
1956
1957
2286
2287
2287
2288
2288
2289
216
217
217
218
218
219
219
220
220
1315
1315
1316
1316
1317
906
906
907
907
808
1383
1383
1384
1384
1385
3926
3926
1631
1632
1632
1633
1633
1634
1634
4040
3967
3968
3968
3969
3969
3970
3970
391
391
4076
4076
4077
4077
4078
781
782
782
783
783
784
550
550
1194
1195
1195
1196
1196
1197
3401
3401
3402
3402
3403
3403
3404
3404
3405
2958
2958
2959
2959
2960
2960
2961
2961
2962
2300
2300
1750
1750
2393
2394
2394
2395
2395
2396
1112
1113
1113
20
20
2092
2092
2093
2093
2094
1952
1952
2776
2776
2989
2990
2990
2991
2991
2992
3255
3402
3402
3403
3403
3404
221
221
2673
2673
2739
2740
2740
2741
2741
2742
2742
26
26
3128
3128
3129
3129
3130
3130
3131
1501
1501
1996
1996
1997
688
688
3047
3047
2200
2201
2201
2202
2202
3606
3606
3607
2120
2120
2121
2121
2122
1863
1863
2845
2845
1812
1812
3257
3257
1307
1307
1308
1308
1309
1309
1310
2994
2994
2995
2995
3648
3648
3649
3649
2026
2026
2027
2027
2028
326
326
327
327
328
367
1248
1248
324
324
3804
3804
1113
1114
1114
1115
1115
1116
1116
3889
3889
3321
3322
1554
1554
1555
2917
2917
4015
4015
471
472
472
3300
3300
3301
3301
3302
3302
2348
2348
1236
1236
1586
1586
1587
1587
1588
2112
2112
3673
3673
3674
3674
3675
3675
3676
3676
3677
3831
3831
3832
3832
3833
3594
3594
3595
3595
3596
3596
1450
1451
1451
1452
1452
1453
2744
2744
365
365
366
366
1650
1650
1651
1651
1652
258
258
3471
3471
3472
2258
2258
2259
259
260
260
261
261
660
661
661
662
662
663
1128
3784
3784
3785
3785
3076
3077
3077
3078
3078
285
285
286
286
287
287
2936
2936
160
161
161
162
162
163
163
2559
2559
4011
4011
1239
1239
1240
1240
4068
4068
1202
1202
1106
1106
3426
1904
1904
1905
1905
1906
2026
2026
2027
2027
2028
2028
2029
448
448
449
449
