1165351
26151713
26151714
26151714
7202012
7202012
28722028
28722028
17136138
17136138
22571696
22571696
22571697
22571697
22571698
22571698
22571699
22571699
22571700
31110070
31110070
31110071
31110071
31110072
31110072
31110073
31110073
20723323
20723324
20723324
15821283
15821283
15821284
15821284
15821285
25263875
25263876
25263876
25263877
25263877
25263878
25263878
25614096
25614097
25614097
25614098
25614098
25614099
27720528
27720528
27720529
27720529
27720530
27720530
27720531
27720531
21539479
21539479
21539480
21539480
23369418
23369418
23369419
7510246
7510246
28008280
28008281
28008281
28008282
28008282
30343072
30343072
30343073
30343073
30343074
4007035
4007036
4007036
4007037
4007037
4007038
4007038
6695116
6695117
16087533
16087533
29904787
29904787
13613475
13613475
10473797
10473797
24824568
24824568
24824569
24824569
24824570
24824570
24824571
24561390
24561390
1283115
15963623
15963623
15963624
15963624
21412496
21412496
21412497
21412497
21412498
1075237
1075237
1075238
31200184
31200184
31200185
31200185
31200186
178184
178185
178185
178186
178186
178187
4843668
4843668
4843669
8074488
8074489
8074489
8074490
8074490
9147674
9147675
9147675
10659141
10659141
10659142
10659142
10659143
10659143
9510179
9510180
9510180
9510181
9510181
9510182
9510182
9510183
33266684
33266684
12735879
12735880
12735880
12735881
12735881
14310837
14310837
14310838
32015320
32015320
31866832
31866832
31866833
31866833
31866834
31866834
24490732
6122683
6122683
20698748
20698749
20698749
20131430
20131430
20131431
20131431
20217450
20217450
10338620
10338621
10338621
10338622
10338622
10338623
10338623
10338624
21419666
21419666
21099146
21099146
11711845
11711845
11711846
15276503
15276503
15276504
15276504
9536803
9536803
22078116
22078116
7982324
7982324
18550329
18550329
18550330
18550330
18550331
18550331
18550332
18550332
11823468
11823468
11823469
11823469
11823470
7426279
7426279
27503432
27503432
27503433
27503433
27503434
27503434
27503435
24824569
24824569
18018857
18018858
18018858
18018859
18018859
18018860
4091004
4091004
16244213
27965270
27965270
27965271
27965271
21599892
21599893
21599893
21599894
21599894
21599895
17333776
17333777
17333777
17333778
17333778
17333779
17333779
17333780
17333780
10251577
10251577
20591221
20591222
20591222
20591223
20591223
20591224
20591224
2024509
2024510
19741278
19741278
20650618
20650618
31829964
31829964
31829965
4781208
4781208
22714043
22714043
8417541
8417541
8417542
8417542
32844778
32844778
32844779
32844779
33074166
33074166
18240044
18240045
18240045
18240046
18240046
18240047
1712184
1712184
802846
802846
19055174
19055174
19055175
19055175
19055176
19055176
12804488
12804488
30847924
25899798
25899798
25899799
25899799
25899800
25899800
269324
269324
269325
269325
269326
6271167
6271168
6271168
6271169
22553267
22553267
27807569
27807569
27807570
27807570
27807571
27807571
27807572
27807572
27807573
28526443
2710610
2710611
2710611
2710612
2710612
2710613
2710613
2710614
23282374
23282374
23282375
23282375
23282376
23282376
23282377
23282377
23282378
4040827
4040827
4040828
4040828
4040829
4040829
4040830
4040830
10585412
10585412
27404104
27404104
27404105
27404105
21136006
23689941
23689942
23689942
23689943
23689943
23689944
9365790
9365790
25377547
25377547
10591557
10591557
25016064
32907244
32907244
32907245
32907245
32907246
1146919
1146920
11930988
11930988
11930989
19003976
19003976
12904844
12904844
23696085
23696086
23696086
23696087
23696087
5730483
5730483
5730484
5730484
5730485
5730485
30174104
28315493
16933380
16933380
16933381
16933381
16933382
16933382
16933383
27203393
27203394
27203394
27203395
27203395
17186316
17186316
17186317
17186317
9064728
9064728
32355295
32355296
32355296
32355297
32355297
32329691
32329692
32329692
32329693
32329693
32329694
32329694
24944382
24944383
24944383
24944384
11515231
11515231
11515232
11515232
11515233
12507518
12507519
12507519
12507520
12507520
28665707
28665708
28665708
28665709
28665709
2635861
22977214
22977214
22977215
22977215
22977216
22977216
22977217
22977217
7099612
7099613
4652174
4652174
4652175
4652175
4652176
28353380
28353381
28353381
28353382
28353382
28353383
28353383
28353384
23008963
23008964
23008964
449549
449550
449550
449551
449551
449552
32223195
32223195
13858216
13858216
19394130
19394130
31828941
31828941
8055030
8055030
8758540
8758540
8758541
8758541
8758542
8758542
8758543
30846896
30846896
30846897
30846897
30846898
30933936
30933937
30933937
30933938
30933938
30933939
20487794
20487794
20487795
20487795
20487796
20487796
20487797
20487797
20487798
2998364
2998365
2998365
2998366
2998366
2998367
2998367
11930994
25015036
25015036
25015037
25015037
25015038
25015038
25015039
20698748
20698748
27787088
27787089
27787089
27787090
27787090
27787091
12721546
12721546
28972916
28972916
28972917
28972917
28972918
28972918
28972919
10073399
10073399
1303592
1303592
4082818
4082818
20698744
20698744
20698745
20698745
9615654
9615654
4141185
4141185
2989152
2989152
21183110
21183111
21183111
21183112
21183112
21183113
21183113
21183114
21183114
913439
913439
913440
913440
913441
30992308
30992309
30992309
30992310
30992310
30992311
18734653
18734654
18734654
18734655
18734655
18734656
12684675
12684676
12684676
12684677
12684677
12684678
6290624
6290625
6290625
6290626
6290626
6290627
6290627
6290628
6290628
15955434
15955435
15955435
15955436
29486980
29486980
29486981
2888795
2888795
22937279
22937280
22937280
22937281
442381
442382
442382
442383
9253147
9253147
6107327
6107327
6107328
6107328
4150398
16028141
16028141
15108561
15108562
29960082
29960082
29960083
29960083
23278278
23278278
6474951
6474952
6474952
6474953
6474953
12719493
12719493
9674026
9674026
9674027
9674027
25329412
25329412
25329413
25329413
25329414
6777040
6777040
12717446
12717447
12717447
12717448
12717448
12717449
6416580
6416580
17331729
17331729
17331730
17331730
17331731
17331731
17331732
17331732
28943224
28943224
28943225
28943225
28943226
28943226
23906010
23906010
20270701
20270701
25106176
25106177
25106177
25106178
25106178
25106179
25106179
25106180
25106180
356363
356363
356364
356364
356365
356365
356366
356366
1382445
1382445
16109041
16109041
20474485
7036118
7036119
7036119
7036120
7036120
7036121
7036121
4387976
4387976
3398764
3398764
5669039
5669039
16322040
16322040
10688838
10688838
10688839
10688839
10688840
16607739
16607739
26729265
26729265
10659141
10659141
10659142
10659142
10659143
10659143
10659144
10078521
10078521
10078522
2964570
2964571
2964571
29072252
29072252
8956178
8956179
8956179
8956180
8956180
8956181
8956181
8956182
8956182
158726
158726
18972231
18972231
18972232
25933592
25933592
25933593
25933593
15665632
15665633
15665633
15665634
15665634
15665635
15665635
15665636
6947033
6947033
4504713
4504714
4504714
4504715
4504715
4504716
13703589
13703590
13703590
13703591
13703591
13703592
23938779
23938780
23938780
23938781
23938781
23938782
23938782
23938783
23938783
18270767
18270767
17405463
17405463
18838082
18838082
12721540
12721541
12721541
12721542
12721542
12721543
12721543
4325511
4325511
17623583
17623583
17698337
24533740
24533740
24533741
24533741
24533742
24533742
24533743
24533743
10285375
10285375
10285376
10285376
15191504
15191504
3617906
3617906
25277191
25277191
25277192
25277192
25277193
25277193
25277194
25277194
26727217
26727218
26727218
26727219
26727219
26727220
26727220
9389343
17254930
17254931
17254931
17254932
17254932
17436180
2722901
2722901
11118932
11118932
11118933
11118933
11118934
11118934
11118935
11118935
11118936
22213288
22213288
22213289
22213289
22213290
22213290
26485545
26485545
16696830
16696831
16696831
16696832
16696832
16696833
16696833
16696834
16696834
23496401
23496402
23496402
23496403
8055030
12634500
12634501
12634501
12634502
12634502
12634503
23449298
23449298
6548684
6548685
6548685
19709530
19709530
219147
14992842
14992842
14992843
14992843
29873042
29873043
29873043
29873044
29873044
29873045
29873045
29873046
29873046
29511559
29511559
29511560
29511560
29511561
29511561
29511562
16537081
16537082
16537082
16537083
16537083
16537084
16537084
13727140
13727140
13727141
13727141
13727142
1894460
1894460
26453801
26453802
26453802
26453803
26453803
26453804
26453804
24620785
24620786
24620786
24620787
24620787
24620788
24620788
24620789
12169591
12169591
5779634
5779634
5779635
5779635
5779636
5779636
10693963
10693963
21758616
21758617
21758617
21758618
21758618
21758619
21758619
21758620
21758620
21735067
21735068
21735068
21735069
21735069
29193082
29193082
32847852
32847853
32847853
32847854
32847854
23105218
23105218
6930648
14546364
14546364
14546365
14546365
14546366
14546366
32714731
32714731
408588
408588
27490121
27490121
26136351
26136351
27799376
27799376
27799377
27799377
27799378
27799378
27799379
27799379
27799380
4269189
4269189
19619417
19619417
14356920
14356920
8555784
8555784
8555785
8555785
2862167
2862167
2862168
2862168
8233213
8233214
8233214
8233215
8233215
8233216
8233216
8233217
8233217
4892825
4892826
4892826
23383754
23383754
23572178
23572178
23572179
23572179
23572180
23572180
23572181
1511470
1511470
984095
984095
6741202
6741202
16724482
16724483
16724483
24573678
24573678
24573679
24573679
24573680
22910655
22910655
32070610
32070610
1382443
1382443
10832209
10832209
25703186
25703187
25703187
25703188
25703188
25703189
17720864
17720864
18809409
18809409
18809410
18809410
18809411
834585
834586
834586
834587
30580649
30580649
30580650
30580650
30580651
30580651
7046359
7046359
7046360
20820604
20820605
20820605
20820606
20820606
20820607
6335686
6335686
6335687
6335687
6335688
6679756
6679756
6679757
14424507
14424508
14424508
11678052
11678052
11678053
11678053
13554078
13554079
13554079
13554080
13554080
13554081
13554081
13554082
13554082
13601186
13601186
13601187
13601187
25426696
32725990
32725990
28821361
28821361
20227690
20227690
20227691
20227691
20227692
20227692
16232948
16232948
32448480
32448480
32448481
32448481
32448482
32448482
32448483
10924368
10924369
10924369
10924370
10924370
19640921
19640922
19640922
19640923
19640923
4099199
4099199
6839505
6839505
2021440
2021441
2021441
2021442
24583918
9170205
9170205
8510724
8510724
8510725
8510725
21544594
21544594
19503702
19503702
14142896
14142896
19343955
19343955
2774103
2774104
2774104
2774105
2774105
2774106
2774106
2774107
22170279
22170279
30614439
30614439
24944378
24944378
18479670
18479670
10369346
10369346
19558998
19558998
19558999
19558999
19559000
18439731
18439731
10537282
10537283
10537283
10537284
10537284
10537285
10537285
6755539
6755540
28722028
28722028
28722029
28722029
28722030
28722030
28722031
158724
158725
158725
158726
158726
158727
158727
8659213
8659213
8659214
17819168
17819168
17819169
3653748
3653748
3653749
3653749
3653750
21615256
21615256
25572112
25572113
25572113
18425394
18425394
8458499
8458500
8458500
8458501
8458501
11000149
11000149
10188087
10188087
10188088
10188088
7151836
7151836
31186877
31186877
26016541
26016541
14554559
14554559
25181955
25181956
25181956
25181957
25181957
25181958
1288231
16419319
16419319
21935780
32563170
32563170
32563171
32563171
32563172
32563172
32563173
18516535
18516535
18516536
18516536
18516537
18516537
23129795
23129795
16046576
16046576
30488484
30488485
30488485
30488486
30488486
30488487
30488487
18591288
18591288
16617981
16617981
9566503
9566503
6000823
6000823
11980146
11980147
11980147
11980148
11980148
8927504
8927504
8927505
20650614
20650614
20650615
20650615
20650616
20650616
20650617
20650617
20650618
3565677
3565678
3565678
3565679
3565679
25427725
25427725
18490933
18490933
5308581
5308582
5308582
5308583
13554078
13554078
13554079
10285376
10285376
15191504
15191504
15191505
15191505
15191506
15191506
15191507
1149990
1149990
1149991
1149991
1149992
1149992
1149993
2182217
2182217
18516537
18516538
18516538
18516539
10591555
10591555
10591556
10591556
22588082
22588083
22588083
22588084
22588084
22588085
22588085
6244544
6244544
16478713
16478713
4024443
4024443
4024444
4024444
4024445
4024445
27816789
27816789
15841766
15841766
10714443
10714443
32564194
32564194
27665233
27665234
13134225
13134225
13134226
13134226
13134227
13134227
26247970
26247970
26247971
26247971
26247972
8630535
8630536
8630536
8630537
8630537
8630538
8630538
8630539
8630539
9801006
9801006
19911264
19911264
5308581
5308581
5308582
5308582
5308583
13554078
18943554
18943555
18943555
18943556
18943556
10268987
10268987
23983838
23983838
23983839
23983839
23983840
23983840
32370656
32370657
32370657
13313430
13313430
13313431
13313431
13313432
15917546
15917546
15031755
15031755
12726664
12726664
12726665
12726665
8942865
8942865
8942866
8942866
4082814
4082814
4250754
4250754
4250755
4250755
4250756
4250756
4250757
23438028
23438028
8055030
8055030
14463421
14463421
7134425
7134425
25395976
25395976
25395977
25395977
25395978
25395978
25395979
25395979
25395980
29979543
29979543
14848453
14848453
14848454
14848454
14848455
14848455
24400619
24400619
933919
933920
933920
933921
933921
2056258
2056258
24354539
24354539
23210695
23210695
23210696
23210696
23210697
23210697
23210698
23210698
18516534
24221415
24221415
9606442
9606442
2217028
2217029
2217029
2217030
2217030
2217031
2217031
2217032
2217032
17637918
17637918
6271172
6271172
30678952
30678953
30678953
30678954
30678954
30678955
2610261
2610261
6382790
6382790
28165984
28165985
16777728
16777728
16777729
16777729
16777730
26119970
26119971
6534343
6534344
6534344
6534345
6534345
6534346
6534346
18479674
18479674
15611356
15611356
15611357
15611357
11645285
11645285
26136356
26136356
18439734
18439735
11298137
11298137
11298138
11298138
11298139
11298139
11298140
20369007
20369008
20369008
20369009
20369009
24467183
24467184
24467184
28093274
28093274
28093275
28093275
28093276
5038234
5038234
7076060
7076060
7076061
7076061
7076062
7076062
13007245
13007245
2862169
2862169
2862170
2862170
2862171
2862171
30418848
30418848
30418849
21057158
21057158
18929218
18929218
18929219
18929219
18929220
18929220
18929221
17819174
17819174
17815077
21254792
21254792
21254793
21254793
21254794
30914483
30914483
30914484
30914484
30914485
30914485
6962391
6962391
6962392
6962392
6962393
6962393
6962394
17792542
30889903
30889903
13202839
13202839
13202840
13202840
13202841
16300535
16300535
26773300
26773300
26773301
26773301
26773302
26773302
26773303
26773303
28064605
28064605
31667143
31667143
14313911
14313912
14313912
14313913
14313913
28724076
28724076
1367083
1367084
1367084
1367085
1367085
22926015
22926015
22926016
22926016
22926017
22926017
22926018
22926018
23325384
25594642
25594642
1355823
1355823
11895149
11895149
26273574
26273574
15535580
15535580
27490118
27490118
27490119
27490119
27490120
27490120
27490121
27490121
17292821
17292821
17292822
20313708
20313708
20313709
20313709
20774527
20774527
20774528
24727282
24727282
24727283
24727283
24727284
29505417
29505417
25005821
25005822
25005822
25005823
25005823
25005824
30735276
30735277
30735277
30735278
30735278
11773290
11773290
11773291
11773291
11773292
11773292
15993320
3845238
3845239
3845239
3845240
3845240
3845241
3845241
3845242
19957347
19957347
15612386
15612386
4504718
4504718
25360136
25360136
12457343
12457343
31033269
31033270
31033270
31033271
31033271
31033272
16558585
16558585
16558586
16558586
16558587
247815
247816
247816
247817
247817
31445952
31445952
31445953
31445953
31445954
31445954
12672388
12672388
15031757
15031757
26985277
26985277
27255621
27255621
9133338
9133338
9133339
9133339
9133340
9133340
9133341
9305372
31990740
31990740
23805655
23805655
10720586
10720587
10720587
10720588
10720588
1291308
1291309
1291309
28476262
28476262
28476263
28476263
28476264
16669184
16669184
16669185
16669185
16669186
16669186
10282298
26407718
26407718
18943556
18943556
21136008
21136009
21136009
21136010
21136010
21136011
21136011
15482331
15482331
11796841
11796841
30478246
30478246
26591023
26591023
26591024
26591024
10315067
10315067
10315068
10315068
9143579
9143579
19509847
19509847
31403971
31403971
13301145
13301145
13301146
13301146
13301147
1075232
26092317
26092317
26092318
26092318
26092319
26092319
32051156
32051157
32051157
32051158
32051158
32051159
32051159
12978572
12978572
30112663
30112664
30112664
30112665
30112665
30112666
30112666
30112667
30112667
32983023
32983023
32983024
32983024
32983025
5167262
5167262
11421021
11421021
18286132
24071902
24071902
24071903
24071903
24071904
24071904
24071905
19893856
19893856
32484320
32484321
32484321
32484322
32484322
12599682
12599682
12599683
12599683
12599684
12599684
12599685
14937546
14937546
30776241
30776241
30776242
21576338
21576338
29865875
29865875
29865876
29865876
29865877
29865877
21682838
21682838
18185774
18185774
16109041
16109042
29904784
29904784
29904785
17508887
17508887
27208513
27208513
30554025
30554025
30554026
30554026
6176956
6778063
6778063
6778064
6778064
6778065
6778065
15231442
15231442
20066917
20066917
20066918
20066918
20066919
20066919
20066920
20066920
5863603
5863603
5863604
5863604
5863605
3398760
3398760
3398761
3398761
3398762
3398762
30760874
30760874
30760875
30760875
30760876
30760876
30760877
15644126
15644126
15644127
15644127
15644128
15644128
15644129
15644129
12244342
21155462
21155462
6978773
6978774
6978774
6978775
6978775
6978776
6978776
6978777
6978777
33191928
33191929
33191929
33191930
33191930
15205840
15205840
15205841
15205841
25377547
25377547
33049588
33049588
33285116
33285116
33285117
20451952
20451952
20451953
20451953
11812204
11812205
11812205
21787288
21787288
12634500
12634500
17570332
8762635
8762635
8762636
8762636
31990738
31990739
31990739
31990740
31990740
31990741
25905944
25905945
25905945
25905946
25905946
25905947
25905947
25905948
3887227
3887227
6543563
6543563
6543564
6543564
22649524
31610821
31610821
31610822
31610822
31610823
31610823
31610824
31610824
7151835
7151835
7151836
7151836
7151837
7151837
7151838
7151838
7151839
7971059
7971060
7971060
7971061
7971061
20333167
20333167
20333168
20333168
10972495
10972495
10972496
21256842
21256842
21256843
21256843
21256844
21256844
30847919
30847919
7036119
7036120
7036120
7036121
7036121
7036122
7036122
7036123
7036123
18376243
18376243
18376244
18376244
18376245
30400416
30400416
30400417
14790083
14790083
3073118
3073118
28714863
28714863
23379662
4074620
4074620
4074621
4074621
26985277
26985277
947229
947230
947230
947231
947231
947232
947232
947233
947233
27821908
27821909
27821909
27821910
27821910
27821911
27821911
25189120
15085006
15085006
9365794
9365795
9365795
9365796
2070591
2070591
2070592
2070592
31677383
31677384
31677384
31677385
31677385
31677386
2795605
2795606
2795606
2795607
2795607
2795608
5450919
5450920
5450920
5450921
5450921
5450922
5450922
5450923
5450923
21645974
21645975
21645975
21645976
21645976
19615318
19615318
19615319
16271860
16271861
16271861
16271862
16271862
25614094
25614095
25614095
25614096
25614096
25614097
25614097
19911267
19911267
24533742
24533742
23103174
23103174
23103175
23103175
13458843
13458843
13458844
13458844
16028137
16028137
13710756
13710756
13710757
13710757
13710758
14071215
14071215
14071216
14071216
14071217
14071217
14071218
22170279
22170279
28716913
28716913
10021175
10021175
2728024
2728024
20474481
20474481
10412350
10412350
7961847
7961848
7961848
31744
31745
2320460
29608840
29608840
29608841
29608841
29608842
29608842
29608843
10779980
10779981
10779981
24798964
24798964
24798965
24798965
24798966
24798966
5345447
5345447
5345448
5345448
5345449
5345449
11903339
24536815
24536815
22803130
22803131
22803131
22803132
22803132
22803133
14431673
14431674
14431674
14431675
14431675
14431676
14431676
14431677
3038304
3038305
3038305
4175999
4176000
4176000
6054076
6054076
23746264
23746264
23746265
23746265
659476
5924024
5924024
5924025
5924025
5924026
5924026
10693958
10693958
10693959
11845994
11845994
11845995
11845995
11845996
11845996
11845997
11845997
11845998
30333858
30333859
1678387
1678387
1678388
30162843
30162843
2013248
2013248
22234791
22234791
21831323
21831323
5797046
5797047
29200252
29200252
29200253
29200253
17292820
17292820
30076822
30076822
158725
158725
18533946
18533946
5300386
5300386
5300387
5300387
5300388
5300388
5300389
13613472
13613472
31491010
31491011
31491011
31491012
31491012
31491013
31491013
31491014
31491014
31666122
31666122
3455085
3455086
3455086
3455087
3455087
19639896
19639896
19639897
19639897
31438785
31438786
31438786
31438787
31438787
26273575
16089579
16089579
16089580
16089580
7040217
7040217
7040218
7040218
7040219
7040219
2465873
2465873
16925192
19726938
19726938
19726939
19726939
19726940
19726940
29003640
29003640
5300387
5300387
12227958
12227959
12227959
12227960
12227960
12227961
16984586
16984586
10412355
10412355
31937492
20622966
20622966
20622967
20622967
20622968
20622968
17272342
31340476
31340476
31340477
31340477
7320799
7320799
6695117
6695117
27958105
27958106
27958106
27958107
16043498
13313430
13313430
17455638
17455638
29797262
29797262
27280192
27280192
29412228
29412229
29412229
29412230
29412230
29412231
29412231
29412232
7848175
684056
684056
521234
521235
521235
521236
521236
521237
16998923
29117304
29117304
29117305
29117305
29117306
29117306
29117307
29117307
7982325
7982326
7982326
7982327
7982327
7982328
7982328
10714441
10714442
10714442
10714443
10714443
10714444
32731110
32731110
32731111
19726939
19726940
19726940
19726941
19726941
19726942
20080231
20080232
20080232
20080233
14771651
14771651
14771652
14771652
32424929
32424929
32424930
32424930
32424931
33436668
32907245
32907245
32907246
32907246
32907247
32907247
32907248
32907248
17197584
17197584
22769335
22769335
22828729
22828730
22828730
22828731
22828731
3724405
3724405
3724406
3724406
3724407
3724407
2754644
2754644
33066996
33066996
33066997
33066997
33066998
1533998
1533999
1533999
1534000
1534000
28701552
28701552
28701553
28701553
15835619
15835619
15835620
15835620
15835621
17405463
17405463
2577489
2577490
2577490
2577491
2577491
2577492
2577492
21667478
1029153
1029154
1029154
1029155
1029155
29644680
29644680
14142897
14142897
22302381
32125908
32125908
32125909
32125909
32125910
24301288
24301288
24301289
24301289
24301290
24301290
20169321
20169321
11104599
11104599
29344646
17085962
17085962
17085963
17085963
17085964
17085964
17085965
8831250
8831251
8831251
14431672
14431672
14431673
14431673
9324830
9324831
9324831
9324832
9324832
9324833
22704822
22704823
22704823
22704824
22704824
7482596
7482597
7482597
7482598
23178950
23178950
15983083
15983084
15983084
15983085
15983085
29070200
29070200
29070201
29070201
16096751
16096751
16096752
16096752
30349214
30349214
17407512
17407512
17407513
17407513
29479812
29479812
29479813
29479813
29479814
4513930
4513931
4513931
4513932
4513932
4513933
10377533
10377533
10377534
10377534
10377535
10377535
10377536
17380884
17380884
21671578
23486156
23486156
23486157
23486157
23486158
23486158
3400809
3400810
3400810
3400811
3400811
3400812
3400812
3400813
25889561
25889562
25889562
25889563
25889563
14407096
14407096
14407097
14407097
11221335
11221335
8417542
8417542
32011221
32011221
32011222
33049584
33049584
33049585
33049585
23210693
23210694
23210694
23210695
23210695
23210696
1534003
1534003
1534004
1534004
1534005
4106365
4106365
4106366
33246199
33246199
33246200
33246200
33246201
33246201
33246202
21493393
21493393
31667143
31667143
3724406
3724406
14472636
14472636
25395981
25395981
18582076
18582076
18106921
18106921
31823826
31823826
27603787
27603787
12342651
12342651
10303804
10303804
10303805
10303805
10303806
10303806
10303807
2716755
22963903
22963904
22963904
22963905
22963905
22963906
22963906
9605413
9605413
12118386
12118386
18870850
18870850
18870851
18870851
18870852
18870852
18870853
18870853
7982324
7982324
6220990
6220990
6220991
6220991
6220992
6220992
6220993
6220993
6220994
15675876
15675876
30920628
30920628
30920629
28227422
28227422
28227423
27278148
27278148
1911866
1911866
1911867
1911867
11515234
11515234
21223053
21223053
29917078
29917078
3720306
3720306
3720307
3720307
3720308
3720308
3720309
7675119
7675119
7675120
7675120
19957346
19957346
18586171
18586171
18586172
18586172
18586173
18586173
18586174
16607739
23086789
23086789
1075237
1075238
31200184
31200184
31200185
18522681
18522682
18522682
18522683
18522683
25750290
25750290
25750291
25750291
659478
659478
686102
686102
686103
686103
686104
21155464
21155464
22170280
22170280
33233911
33233912
33233912
33233913
33233913
33233914
33233914
33233915
10831182
10831182
24727283
24727283
24727284
24727284
24727285
24727285
24727286
24727286
24727287
6778065
6778066
6778066
6778067
6778067
6778068
6778068
6778069
31089589
31089589
31089590
31089590
31089591
31089591
32304094
32304095
32304095
4007034
4007034
4007035
4007035
21528208
21528209
21528209
21528210
21528210
21528211
21528211
21528212
19183183
12516734
12516734
12516735
12516735
12516736
12516736
12516737
12516737
21183111
21183112
21183112
21183113
21183113
21183114
21183114
21183115
21599895
21599895
23911130
23911130
20451952
20451953
20451953
20451954
20451954
20451955
20451955
20451956
20451956
22210220
258055
258056
258056
258057
258057
16625151
16625151
31403967
31403967
23842523
23842524
23842524
23842525
23842525
23842526
23842526
21681814
21681814
25594642
25594642
32329691
32329691
32329692
32329692
32329693
32329693
32329694
32329694
33474564
33474564
20850304
20850304
20850305
20850305
20850306
20850306
26227488
26227488
18929222
18929222
3905657
3905657
20315756
20315756
23086785
23086785
18322992
18322993
18322993
18322994
18322994
18322995
18878020
18878020
17819168
17819169
17819169
17819170
17819170
17819171
31786958
31786959
31786959
31786960
19000900
19000900
19000901
19000901
19000902
10266937
10266937
17623583
17623583
32242648
32242648
32242649
32242649
32242650
22402734
22402734
4615312
4615312
4615313
4615313
5955766
8784144
8784144
5616813
5616814
5616814
5616815
5616815
5616816
5616816
5616817
5616817
33266683
33266683
33266684
33266684
31678406
31678406
6608074
6608075
6608075
6608076
6608076
6608077
6608077
10073399
10073399
10073400
637971
637972
25980697
25980697
17186320
6225086
6225086
6225087
6225087
6225088
6225088
6225089
6225089
14995914
14995914
10390845
10390846
10390846
10390847
10390847
10390848
10390848
10390849
3309669
3309669
3309670
3309670
3309671
3309671
3309672
30405536
30405537
30405537
30405538
30405538
30405539
22114978
22114979
22114979
22114980
22114980
22114981
22114981
9380129
9380130
9380130
9380131
9815340
9815340
7156957
7156957
32691178
32691178
9217311
9217311
4243586
4243587
4243587
4243588
4243588
4243589
9605417
9605417
16859652
16859652
16859653
16859653
16859654
16859654
16859655
20449907
20449907
20449908
20449908
20449909
32296922
32296922
32296923
20640374
20640374
20640375
20640375
20640376
20640376
20640377
20640377
9045269
9045269
11685223
11685223
32550887
32550887
32550888
32550888
16178670
16178670
20140650
25572108
25572108
25572109
25572109
25572110
25572110
25572111
25572111
30846899
29400962
29400962
29400963
29400963
29400964
29400964
3504235
3504235
3504236
3504236
3504237
3504237
10266940
10266941
10266941
16625147
16625147
16625148
16625148
22621874
22621875
22621875
22621876
22621876
22621877
22621877
22621878
9133341
9305372
9305372
9305373
9305373
9305374
29441922
29441922
24109794
24109794
24109795
24109795
24109796
24109796
24850169
24850169
1702965
1702966
1702966
1702967
1702967
1702968
1702968
6335681
6335682
1143848
20225642
20225642
20225643
20225643
20225644
20225644
22245033
22245034
22245034
22245035
22245035
29072248
29072248
21094022
21094022
20982404
20982404
9615655
9615655
9615656
9615656
9615657
14304699
14304699
33266680
33266680
33266681
33266681
23746265
23746265
16322034
16322034
16322035
16322035
16322036
16322036
16322037
32564194
32564195
32564195
32564196
32564196
14310842
14310843
14310843
7240925
7240925
7240926
5234852
5234852
5234853
15512025
15512025
15512026
15512026
15512027
15512027
32752621
32752622
32752622
24095456
24095456
24095457
20141675
20141675
20141676
18624056
18624056
30358432
30358433
30358433
30358434
30358434
30358435
14771651
8569096
8569096
30735280
30735280
22354603
22354603
12571008
12571008
12571009
12571009
12571010
12571010
12571011
27837272
15180239
15180239
15180240
15180240
15180241
15180241
14096815
14096815
9786669
9786670
9786670
9786671
9786671
9786672
15705567
15705567
15705568
31058868
31058869
31058869
31058870
31058870
31058871
31058871
31058872
25617167
25617167
25617168
25617168
25617169
25617169
23008961
23008961
23008962
23008962
23008963
23008963
23008964
23008964
27441994
27441994
29343620
947228
947229
947229
947230
947230
947231
22113957
22113957
1951805
1951805
1951806
1951806
1951807
12216694
12216694
12216695
12216695
12216696
6695118
6695119
6695119
6695120
6695120
6695121
25605905
25605906
25605906
25605907
25605907
25605908
30162840
30162840
30162841
17185296
17185296
12684675
12684675
12684676
12684676
12684677
6965464
6965464
20064870
20064871
20064871
20064872
20064872
26711860
12735877
12735877
12735878
12735878
17981989
17981989
17981990
17981990
17981991
17981991
17981992
17981992
30949299
30949299
11118935
11118935
11118936
11118936
11118937
9306396
9306396
11379040
11379040
32167898
32167899
19355214
19355214
19355215
14594493
14594493
7245022
7245023
7245023
7245024
7245024
7245025
23244488
23244488
1627189
1627189
14741958
14741958
20634232
20634233
20634233
20634234
20634234
17405464
17405464
17405465
12732805
12732805
12732806
11402593
11402593
11402594
11402594
30700456
30700456
30700457
30700457
12719492
12719493
12719493
12719494
12719494
12719495
12719495
12719496
12719496
14350774
14350774
14350775
14350775
14350776
14350776
14350777
29346688
29346688
5687470
5687470
5687471
5687471
5687472
5687472
5687473
5687473
5687474
27929430
27929430
31677382
31677382
31677383
31677383
31677384
31677384
31677385
31677385
8870164
8870165
22096546
22096546
22096547
13728167
13728167
30995382
30995383
30995383
30995384
13288854
13288854
13288855
13288855
21942945
21942945
9476385
9476386
9476386
9476387
9476387
9476388
32448480
32448480
2728024
2728024
23572177
23572177
30776238
30776238
25661206
25661206
8792333
8792333
8792334
8792334
8792335
30273438
30273438
20640376
20640376
20640377
20640377
20640378
1131554
1131554
1951805
1951806
1951806
1951807
1951807
1951808
1951808
9920815
9920816
9920816
9920817
9920817
9920818
9920818
9920819
9920819
18708028
18708028
2704470
2704471
2704471
2704472
2704472
2704473
9847085
9847085
9847086
7482600
7482600
3651696
3651696
28165983
28165983
28165984
28165984
28165985
16777728
28972919
28972920
28972920
28972921
28972921
28972922
29236095
29236095
5635248
5635248
5635249
5635249
5635250
22772406
22772406
22772407
22772407
4483211
4483211
4483212
4483212
4483213
4483213
4483214
4483214
4483215
17673758
17673758
29297539
29297539
738326
738327
738327
738328
738328
738329
738329
738330
738330
6113467
6113468
6113468
6113469
6113469
6113470
15879654
15879654
19920481
19920481
19046984
19046985
19046985
19046986
19046986
6295744
6295744
6295745
28343140
28343140
1303591
1303591
31712200
31712200
11492709
11492709
7610602
7610603
7610603
7610604
7610604
7610605
7610605
7610606
9314590
9314590
9314591
9314591
9314592
25050881
25050881
25050882
29564806
29564806
29564807
29564807
29564808
29564808
1572915
1572915
29201277
29201278
29201278
29201279
29201279
29201280
29201280
29201281
29201281
27264834
27264834
27264835
27264835
27264836
27264836
27264837
29583238
29583238
26585904
26585904
10489153
10489153
26377001
26377002
26377002
8696073
8696073
8696074
1167398
1167398
1167399
1167399
1167400
8344836
8344836
7959799
7959799
24850169
24850169
24850170
24850170
24850171
10169658
10169658
16271859
16271860
16271860
16271861
16271861
26887993
26887993
8008953
8008954
8008954
30322590
30322590
30322591
30322591
1753144
1753144
27969367
27969367
9366814
9366814
10181948
10181948
4010108
4010109
4010109
4010110
4010110
4010111
4010111
13007248
13007248
20829823
20829823
10847566
10847566
10847567
10847567
10847568
10847568
15819235
15819235
12909966
12909966
24453868
24453869
24453869
24453870
24453870
16516601
16516601
16478715
16478715
27799378
27799378
4735126
4735126
18595384
18595384
18595385
18595385
19003977
19003977
21061254
21061255
21061255
9588005
9588005
9588006
9588006
9588007
10073397
10073398
10073398
10073399
10073399
31617992
31617992
33167353
33167353
27355971
27355971
33050608
33050608
6072511
6072512
17008136
17008136
17008137
17008137
17008138
17008138
17008139
32862187
32862187
32862188
32862188
32862189
32862189
32862190
30933942
30933942
27533128
27533129
27533129
27533130
27533130
27533131
27533131
27533132
29525894
29525894
2092098
2092099
2092099
2092100
2092100
2092101
2092101
3132513
3132513
3132514
3132514
3132515
3132515
3132516
3132516
3132517
3761268
3761268
20217449
20217449
20449905
20449905
6176959
6176959
26095391
26095391
26095392
26095392
26095393
19933792
19933792
18425396
18425397
18425397
18425398
18425398
18425399
18425399
27213630
3798134
3798134
7809268
7809268
26591020
26591020
26591021
26591021
14251445
14251445
11519328
11519328
11519329
11519329
11519330
11519330
11519331
11519331
3170402
3170402
3170403
3170403
3170404
3170404
3170405
5985462
5985463
14296505
14296505
18722364
18722364
18722365
18722365
18722366
18722366
18722367
18722367
21831323
21831323
10181943
10181943
20217449
20217449
20141676
18624056
18624056
18624057
18624057
17703456
17703457
17703457
17703458
17703458
30995378
24228580
24228580
24228581
24228581
24228582
24228582
24228583
24570607
24570607
3811449
3811450
3811450
22885050
22885050
22885051
6325445
6325445
6325446
6325446
6325447
19041862
19041862
21719705
21719705
21831323
21831323
23185094
23185095
23185095
23185096
23185096
2635858
2635859
2635859
2635860
2635860
2635861
2635861
22977214
6851794
6851794
6851795
6851795
6851796
6851796
6851797
6851797
18587194
18587195
18587195
18587196
18587196
12490112
12490113
12490113
12490114
12490114
6070457
6070458
6070458
18315826
32564194
32564194
32564195
32564195
17185296
17185296
21054086
21054087
21054087
21054088
10759496
10759496
10759497
29511559
29511559
29511560
29511560
29511561
29511561
29511562
12118389
12118389
2405453
2405454
16984582
16984582
16984583
16984583
20818558
20818558
20354674
20354674
20474482
20474482
20474483
20474483
20474484
26174239
26174240
26174240
26174241
26174241
26174242
15835619
15835619
15835620
15835620
15835621
15835621
10390851
933916
933917
933917
933918
933918
933919
26651438
26651439
26651439
26651440
26651440
26651441
26651441
26651442
19146316
19146316
19146317
19146317
19146318
609301
609301
609302
609302
609303
609303
20795004
20795004
20795005
20795005
20795006
33342458
33342458
33501183
33501184
33501184
33501185
33501185
33501186
33501186
16288246
19372624
19372624
19372625
19372625
19372626
19372626
19372627
19372627
25395979
25395979
13710758
13710758
31110073
31110073
31110074
31110074
31110075
31110075
9086234
9086234
24570607
24570607
2411599
2411600
773143
773144
773144
773145
21615252
21615252
7676141
7676142
7676142
7676143
7676143
7676144
26194723
26194723
15314387
15314388
15314388
15314389
15314389
7203038
7203039
7203039
7203040
7203040
21719703
21719703
26672945
26672945
8344831
8344831
28476267
28476267
2120770
2120770
2120771
2120771
2120772
19630682
19630683
19630683
19630684
19630684
19630685
19630685
11150681
11150681
722967
722967
17901095
17901096
22558384
22558384
22558385
22558385
22558386
1165349
1165349
1165350
1165350
1165351
1165351
1165352
1165352
1165353
3561581
3561581
22908604
22908604
22908605
22908605
22908606
26162974
26162974
26162975
26162975
26162976
26162976
26162977
26162977
26162978
15522266
15522266
5917879
5917879
5917880
5917880
5917881
5917881
5917882
30441380
30441380
30889904
30889905
30889905
30889906
30889906
30889907
30605224
30605224
30605225
30605225
30605226
23322314
23322314
25661200
25661200
25661201
25661201
25661202
25661202
33183733
33183733
33183734
33183734
33183735
33183735
13232537
13232537
20549237
20549237
18454068
18454069
18454069
18454070
18454070
18454071
18454071
18454072
18454072
27141950
27141950
27141951
27141951
27141952
27141952
19509844
19509844
19509845
19509845
19509846
19509846
19509847
19509847
11797865
11797866
11797866
11797867
11797867
7188700
7188701
7188701
7188702
7188702
7188703
7188703
16098797
16098797
1165350
1165350
21942943
21942943
4104322
4104322
14356919
14356919
10883404
10883404
21829276
21829276
22513331
22513331
22513332
22513332
22513333
22513333
22513334
9838895
9838895
15311316
15311316
30259104
30259104
21735067
21735067
21735068
21735068
21735069
10017077
10017078
10017078
10017079
26136350
26136350
26136351
1998912
1998912
20217453
20217453
21526164
21526164
6515911
6515911
6515912
6515912
6515913
6515913
9254175
9254175
9063703
9063704
9063704
9063705
9063705
7078104
7078104
7078105
7078105
8297730
8297731
8297731
25106174
25106174
25106175
25106175
25106176
30633895
30633895
11674984
11674984
11674985
11674985
11674986
1702964
1702964
12386684
12386685
12386685
12386686
12386686
12386687
12386687
12386688
23178953
23178953
9627944
9627944
9627945
9627945
9627946
30920625
30920625
10422591
10422591
26848057
24824566
24824566
24824567
24824567
24824568
24824568
1167398
1167398
25871129
25871130
25871130
25871131
25871131
25871132
22932156
22932156
4007034
4007034
1702965
1702966
1702966
1702967
1702967
17197582
17197582
23572176
23572176
8486151
8486151
17705504
17705504
17705505
17705505
17705506
17705506
32844778
32844778
11984244
9643302
9643302
9643303
9643303
9643304
9643304
9643305
9643305
25598736
25598737
25598737
25598738
25598738
12804491
12804491
12804492
12804492
12804493
14067120
14067120
14067121
14067121
14067122
14067122
6382787
6382787
6382788
12227957
12227958
12227958
12227959
12227959
12227960
31005622
31005622
23475917
23475918
23475918
23475919
23475919
23475920
23475920
23475921
6971609
6971609
6971610
6971610
6971611
5917876
5917877
8696074
8696074
8696075
8696075
8696076
8696076
8696077
16381430
16381431
16381431
16381432
16381432
22464179
22464180
18439730
18439730
18439731
18439731
18439732
18439732
28516199
28516200
28516200
28516201
28516201
28516202
28516202
6958297
6958297
6958298
6958298
26324772
26324772
26324773
17936937
17936937
24369899
24369900
24369900
24369901
24369901
24369902
24369902
10128694
10128694
10128695
10128695
10128696
2356299
2356300
2356300
2356301
2356301
2356302
2350158
32795624
32795624
32795625
32795625
32795626
33167348
33167348
33210360
33210360
33210361
33210361
33210362
33210362
33210363
10693958
10693958
27503432
27503433
27503433
27503434
27503434
27503435
27503435
27503436
27503436
28516202
28516202
23490252
23490252
23490253
11829614
11829614
20522610
20522610
20522611
20522611
20522612
20522612
17352213
17352214
17352214
17352215
31667142
31667142
13600160
13600160
18321970
18321970
18533946
18533946
5300386
5300386
5300387
5300387
5300388
5300388
5300389
9733417
9733417
9733418
9733418
9733419
8074490
8074490
8074491
8074491
8074492
8074492
31639494
31639494
15256020
15256020
15256021
15256021
15256022
15256022
15256023
9324829
9324830
9324830
9324831
9324831
25672464
25672465
25672465
25672466
25672466
25672467
20597368
20597368
9122070
9122070
9122071
9122071
9122072
9122072
6026424
6026425
6026425
6026426
6026426
6026427
8758543
8758543
9342238
9342238
9342239
9342239
9342240
9342240
9342241
9342241
9342242
17652251
17652251
6834388
6834388
22113958
22113958
16994826
16994826
16994827
16994827
33286136
1607731
1607732
1607732
1607733
1607733
1607734
1607734
2434124
2434124
18286131
18286131
18286132
18286132
24071902
24071902
24071903
5122207
5122207
5122208
5122208
5122209
30248860
33074168
33074168
27533128
27533128
27533129
27533129
27533130
27533130
27533131
22556339
22556339
10457411
10457411
10457412
10457412
29797262
29797262
29797263
29797263
14771654
14771654
17256978
17256978
14431673
14431674
14431674
14431675
14431675
14431676
14431676
14431677
5896372
33550341
33550341
6147262
6147263
6147263
6147264
6147264
6147265
29113208
29113208
29113209
29113209
29113210
29113210
19320402
19320402
19320403
3575917
3575917
16568826
16568826
16568827
16568827
16568828
16568828
16568829
16568829
9414947
9414947
29583241
29583242
29583242
29583243
25952024
25952024
25952025
25952025
30418852
30418852
30418853
7809262
7809263
7809263
7809264
7809264
7809265
7078104
7078105
7078105
7078106
7078106
7078107
7078107
7078108
7078108
9426211
9426211
9426212
9426212
9426213
29655946
29655946
29655947
29655947
26284840
11773287
11773287
11773288
11773288
11773289
27860822
27860822
19834463
19834464
19834464
19834465
19834465
19834466
19834466
31698888
29249407
29249408
29249408
29249409
29249409
29249410
29249410
12804487
12804487
32862188
32862188
32862189
32862189
32862190
25572109
25572110
25572110
25572111
25572111
25572112
17818150
17818150
5506218
5506219
5506219
5506220
5506220
5506221
10792265
10792265
10792266
10792266
10792267
10792267
10792268
10792268
10792269
29838222
29838222
29838223
29838223
29838224
29838224
29838225
29838225
29838226
8124668
8124668
23746262
23746262
11221337
11221338
11221338
11221339
11221339
11221340
2896984
2896985
2896985
557076
557076
1304620
1304620
1304621
1304621
1304622
30349216
30349216
23874264
23874264
30710701
30710702
30710702
30710703
30710703
30710704
5995703
10792266
10792266
10792267
10792267
10792268
7241949
7241949
20449905
20449905
22612659
22612660
22612660
22612661
22612661
22612662
22612662
802842
802842
1760312
1760312
1760313
1760313
1760314
1760314
1760315
15644125
15644125
31713228
31713228
31713229
22561456
22561456
32607207
32607207
4864152
4864153
4864153
4864154
4864154
17485334
17485334
17485335
2320456
2320456
2320457
2320457
2320458
27490119
27490119
25996061
25996061
25605908
25605908
5995705
5995705
9217307
9217307
9217308
9217308
9217309
9217309
9217310
30882738
30882738
30882739
30882739
18857536
18857536
18857537
18857537
32831466
32831466
32831467
32831467
32831468
10596678
10596678
10596679
10596679
10596680
12018031
7230688
7230688
10473796
10473796
23895772
23895772
2921561
2921562
2921562
2921563
2921563
2921564
2921564
26672945
26672945
8031481
8031482
17380882
17380882
17380883
28351333
28351333
30793647
30793647
15299031
15299032
15299032
7466212
7466212
7466213
7466213
7466214
7466214
9677100
9677100
6935764
6935764
18322994
18322994
18322995
18322995
18322996
2021440
2021440
19689049
19689049
19689050
19689050
19689051
19689051
19689052
19689052
19689053
24743671
24743671
24743672
24743672
24743673
17047050
17047050
17047051
17047051
17047052
17047052
13952426
13952427
13952427
13952428
13952428
13952429
22833848
22833848
11829613
11829613
11829614
11829614
20522610
20522610
20522611
20522611
20522612
8458498
8458498
12938639
12938639
12938640
6887634
6887634
6887635
8417539
8417540
8417540
8417541
8417541
21598868
21598869
21598869
21598870
21598870
21598871
3232872
23334600
23334600
23334601
23334601
117764
117765
117765
117766
117766
9253149
9253149
9253150
9253150
9253151
9253151
29125496
29125496
5193888
5193889
5193889
5193890
5193890
5193891
5193891
16566783
16566783
30580651
30580651
7046359
7046359
7046360
7046360
32563172
32563172
5817522
5817522
2643026
2643026
11480418
28821360
28821360
28821361
28821361
28821362
32757738
32757738
32757739
32757739
32757740
32757740
32757741
14610880
14610880
14610881
14610881
14610882
